1505492225 2
1505506460 6
1505506477 6
1505506504 6
1505531983 14
1505532579 15
1505532841 23
1505532862 15
1505538722 16
1505539039 17
1505539601 16
1505575977 37
1505853412 38
1505855215 39
1505855317 38
1505855333 39
1505855366 40
1505855712 40
1506042254 171
1506109360 172
1506111075 172
1506454466 174
1506460719 175
1506460812 176
1506460852 175
1506718202 176
1507060948 224
1507062396 227
1507063231 228
1507063823 300
1507065890 358
1507071092 360
1507071280 361
1507072746 366
1507072917 367
1507072946 295
1507072972 294
1507073366 294
1507426825 296
1507497269 453
1507498593 160
1507499150 494
1507932626 509
1507940260 511
1508002802 518
1508267689 547
1508267729 583
1508267894 584
1508268035 628
1508268063 672
1508268127 628
1508268138 584
1508268164 548
1508268223 583
1508476168 1811
1508476326 2152
1508476752 2152
1508476784 2104
1508518384 2337
1508518432 1996
1508518751 1996
1508525721 1924
1508877283 1923
1508877298 1903
1509788014 1904
1510063323 1917
1510089684 1917
1510089730 1917
1510089770 1917
1510691851 2832
1510691996 2832
1510696726 2926
1510860764 6185
1510961060 6189
1510961096 6192
1512437613 6657
1512437723 6658
1512507359 6691
1512508835 6882
1512509419 6842
1512768597 6843
1512770801 6843
1512770898 7191
1517153797 7378
1517711282 7453
1517956982 8369
1517957528 8373
1517957640 8376
1517958275 8376
1517964991 8376
1517965115 8376
1518284285 9099
1518284316 9099
1518370075 9126
1518370096 9323
1518370112 9259
1518370172 9259
1518370208 9286
1518370279 9307
1518370294 9307
1518370336 9762
1518370371 9797
1518370408 9864
1518370426 9941
1518370458 9942
1518587085 9942
1519015314 9942
1519015354 10062
1519015415 10062
1519015487 10182
1519015500 10197
1519015595 11477
1520128618 11570
1520396082 226432
1522443310 226608
1522443359 226804
1522443526 226769
1522443562 225293
1522443765 224937
1522443838 225015
1522443863 119634
1522443937 119780
1522444025 120678
1522444146 123302
1524701829 123441
1524702391 123441
1524711706 123501
1524711730 123624
1524711762 123624
1524711792 123539
1525320583 123819
1525321474 123900
1536427529 123900
1536427661 123929
1536427775 123930
1536427843 123754
1536430308 123680
1536431476 123689
1536431546 123643
1536431588 123643
1536456847 123644
1536457421 123644
1536457543 123644
1536457574 123644
1536457652 123646
1536457769 123651
1536457888 123646
1536458222 123644
1536458355 125146
1536706729 125034
1536707436 125074
1536707438 123592
1537304412 123639
1538357097 123755
1538513704 123916
1538513857 123916
1538513889 123935
1539272556 124005
1539272651 124005
1539272718 124005
1539273595 124005
1539273645 124005
1539273757 522993
1539273842 523013
1539296116 523015
1539303828 523194
1540326173 523211
1540577397 523276
1544020153 524021
1544040126 524123
1544040826 524121
1544042219 524125
1544042240 524145
1547654233 524449
1547654247 524569
1547654442 524710
1547689730 525352
