1243222022 0 0 0 0 0 0 0 0 0 1 0 0 0
1243227383 1 0 0 0 0 0 0 0 0 1 0 0 0
1243229315 2 0 0 0 0 0 0 0 0 1 0 0 0
1243230238 3 0 0 0 0 0 0 0 0 1 0 0 0
1243316219 4 0 0 0 0 0 0 0 0 1 0 0 0
1243583906 5 0 0 0 0 0 0 0 0 1 0 0 0
1243665612 6 0 0 0 0 0 0 0 0 1 0 0 0
1243931869 7 0 0 0 0 0 0 0 0 1 0 0 0
1243996615 8 0 0 0 0 0 0 0 0 1 0 0 0
1244011077 9 0 0 0 0 0 0 0 0 1 0 0 0
1244141982 10 0 0 0 0 0 0 0 0 1 0 0 0
1244192047 11 0 0 0 0 0 0 0 0 1 0 0 0
1244308174 12 0 0 0 0 0 0 0 0 1 0 0 0
1244309007 13 0 0 0 0 0 0 0 0 1 0 0 0
1244410312 14 0 0 0 0 0 0 0 0 1 0 0 0
1244681286 15 0 0 0 0 0 0 0 0 1 0 0 0
1244681729 16 0 0 0 0 0 0 0 0 1 0 0 0
1245048139 17 0 0 0 0 0 0 0 0 1 0 0 0
1247087608 18 0 0 0 0 0 0 0 0 1 0 0 0
1247117496 19 0 0 0 0 0 0 0 0 1 0 0 0
1247379096 20 0 0 0 0 0 0 0 0 1 0 0 0
1247599034 21 0 0 0 0 0 0 0 0 1 0 0 0
1247901376 22 0 0 0 0 0 0 0 0 1 0 0 0
1247932283 22 0 0 0 0 0 0 0 0 1 0 0 1
1247990988 23 0 0 0 0 0 0 0 0 1 0 0 1
1248026051 24 0 0 0 0 0 0 0 0 1 0 0 1
1248145002 25 0 0 0 0 0 0 0 0 1 0 0 1
1248146428 26 0 0 0 0 0 0 0 0 1 0 0 1
1248148811 27 0 0 0 0 0 0 0 0 1 0 0 1
1248175123 28 0 0 0 0 0 0 0 0 1 0 0 1
1248291680 29 0 0 0 0 0 0 0 0 1 0 0 1
1248937787 30 0 0 0 0 0 0 0 0 1 0 0 1
1249325031 31 0 0 0 0 0 0 0 0 1 0 0 1
1249714961 32 0 0 0 0 0 0 0 0 1 0 0 1
1250554069 33 0 0 0 0 0 0 0 0 1 0 0 1
1251009885 34 0 0 0 0 0 0 0 0 1 0 0 1
1251512633 35 0 0 0 0 0 0 0 0 1 0 0 1
1252300902 36 0 0 0 0 0 0 0 0 1 0 0 1
1253697049 37 0 0 0 0 0 0 0 0 1 0 0 1
1254041441 38 0 0 0 0 0 0 0 0 1 0 0 1
1254120981 39 0 0 0 0 0 0 0 0 1 0 0 1
1255749558 40 0 0 0 0 0 0 0 0 1 0 0 1
1256180592 41 0 0 0 0 0 0 0 0 1 0 0 1
1257738718 42 0 0 0 0 0 0 0 0 1 0 0 1
1259554377 43 0 0 0 0 0 0 0 0 1 0 0 1
1265593627 44 0 0 0 0 0 0 0 0 1 0 0 1
1266195694 45 0 0 0 0 0 0 0 0 1 0 0 1
1267325304 46 0 0 0 0 0 0 0 0 1 0 0 1
1268026719 47 0 0 0 0 0 0 0 0 1 0 0 1
1268149749 48 0 0 0 0 0 0 0 0 1 0 0 1
1270569086 49 0 0 0 0 0 0 0 0 1 0 0 1
1270743914 50 0 0 0 0 0 0 0 0 1 0 0 1
1270827707 51 0 0 0 0 0 0 0 0 1 0 0 1
1270948660 52 0 0 0 0 0 0 0 0 1 0 0 1
1272230126 53 0 0 0 0 0 0 0 0 1 0 0 1
1272639451 54 0 0 0 0 0 0 0 0 1 0 0 1
1272639675 55 0 0 0 0 0 0 0 0 1 0 0 1
1273249549 56 0 0 0 0 0 0 0 0 1 0 0 1
1273676298 57 0 0 0 0 0 0 0 0 1 0 0 1
1273679685 58 0 0 0 0 0 0 0 0 1 0 0 1
1274285054 59 0 0 0 0 0 0 0 0 1 0 0 1
1274372806 60 0 0 0 0 0 0 0 0 1 0 0 1
1275345667 61 0 0 0 0 0 0 0 0 1 0 0 1
1275668998 62 0 0 0 0 0 0 0 0 1 0 0 1
1275771116 63 0 0 0 0 0 0 0 0 1 0 0 1
1275773681 64 0 0 0 0 0 0 0 0 1 0 0 1
1275784314 65 0 0 0 0 0 0 0 0 1 0 0 1
1275790501 66 0 0 0 0 0 0 0 0 1 0 0 1
1275791914 67 0 0 0 0 0 0 0 0 1 0 0 1
1276014542 68 0 0 0 0 0 0 0 0 1 0 0 1
1276098408 69 0 0 0 0 0 0 0 0 1 0 0 1
1276099676 70 0 0 0 0 0 0 0 0 1 0 0 1
1276704901 71 0 0 0 0 0 0 0 0 1 0 0 1
1277396776 72 0 0 0 0 0 0 0 0 1 0 0 1
1277478270 73 0 0 0 0 0 0 0 0 1 0 0 1
1277589810 74 0 0 0 0 0 0 0 0 1 0 0 1
1277590252 75 0 0 0 0 0 0 0 0 1 0 0 1
1277591240 76 0 0 0 0 0 0 0 0 1 0 0 1
1277610835 77 0 0 0 0 0 0 0 0 1 0 0 1
1277611761 78 0 0 0 0 0 0 0 0 1 0 0 1
1277876405 79 0 0 0 0 0 0 0 0 1 0 0 1
1277912372 80 0 0 0 0 0 0 0 0 1 0 0 1
1277915084 81 0 0 0 0 0 0 0 0 1 0 0 1
1278084764 82 0 0 0 0 0 0 0 0 1 0 0 1
1278211502 83 0 0 0 0 0 0 0 0 1 0 0 1
1278211676 84 0 0 0 0 0 0 0 0 1 0 0 1
1278215845 85 0 0 0 0 0 0 0 0 1 0 0 1
1278292001 86 0 0 0 0 0 0 0 0 1 0 0 1
1278307211 87 0 0 0 0 0 0 0 0 1 0 0 1
1278378008 88 0 0 0 0 0 0 0 0 1 0 0 1
1278475770 89 0 0 0 0 0 0 0 0 1 0 0 1
1278476232 90 0 0 0 0 0 0 0 0 1 0 0 1
1278476465 91 0 0 0 0 0 0 0 0 1 0 0 1
1278515514 92 0 0 0 0 0 0 0 0 1 0 0 1
1278521094 93 0 0 0 0 0 0 0 0 1 0 0 1
1278521331 94 0 0 0 0 0 0 0 0 1 0 0 1
1278607258 95 0 0 0 0 0 0 0 0 1 0 0 1
1278690668 96 0 0 0 0 0 0 0 0 1 0 0 1
1278692191 97 0 0 0 0 0 0 0 0 1 0 0 1
1278693631 98 0 0 0 0 0 0 0 0 1 0 0 1
1278812298 99 0 0 0 0 0 0 0 0 1 0 0 1
1278816873 100 0 0 0 0 0 0 0 0 1 0 0 1
1279037834 101 0 0 0 0 0 0 0 0 1 0 0 1
1279038355 102 0 0 0 0 0 0 0 0 1 0 0 1
1279117905 103 0 0 0 0 0 0 0 0 1 0 0 1
1279118749 104 0 0 0 0 0 0 0 0 1 0 0 1
1279455980 105 0 0 0 0 0 0 0 0 1 0 0 1
1280506871 106 0 0 0 0 0 0 0 0 1 0 0 1
1280560775 107 0 0 0 0 0 0 0 0 1 0 0 1
1280561036 108 0 0 0 0 0 0 0 0 1 0 0 1
1280569300 109 0 0 0 0 0 0 0 0 1 0 0 1
1280610034 110 0 0 0 0 0 0 0 0 1 0 0 1
1280610091 111 0 0 0 0 0 0 0 0 1 0 0 1
1280706265 112 0 0 0 0 0 0 0 0 1 0 0 1
1280894004 113 0 0 0 0 0 0 0 0 1 0 0 1
1281024677 114 0 0 0 0 0 0 0 0 1 0 0 1
1281070129 115 0 0 0 0 0 0 0 0 1 0 0 1
1281218408 116 0 0 0 0 0 0 0 0 1 0 0 1
1281410663 117 0 0 0 0 0 0 0 0 1 0 0 1
1281453570 118 0 0 0 0 0 0 0 0 1 0 0 1
1282145091 119 0 0 0 0 0 0 0 0 1 0 0 1
1282145214 120 0 0 0 0 0 0 0 0 1 0 0 1
1282149816 121 0 0 0 0 0 0 0 0 1 0 0 1
1282233627 122 0 0 0 0 0 0 0 0 1 0 0 1
1282234333 123 0 0 0 0 0 0 0 0 1 0 0 1
1282235493 124 0 0 0 0 0 0 0 0 1 0 0 1
1282235955 125 0 0 0 0 0 0 0 0 1 0 0 1
1282314403 126 0 0 0 0 0 0 0 0 1 0 0 1
1282318598 127 0 0 0 0 0 0 0 0 1 0 0 1
1282423127 128 0 0 0 0 0 0 0 0 1 0 0 1
1282423229 129 0 0 0 0 0 0 0 0 1 0 0 1
1282525981 130 0 0 0 0 0 0 0 0 1 0 0 1
1282668582 131 0 0 0 0 0 0 0 0 1 0 0 1
1282702150 132 0 0 0 0 0 0 0 0 1 0 0 1
1282706100 133 0 0 0 0 0 0 0 0 1 0 0 1
1282711645 134 0 0 0 0 0 0 0 0 1 0 0 1
1282713818 135 0 0 0 0 0 0 0 0 1 0 0 1
1282714969 136 0 0 0 0 0 0 0 0 1 0 0 1
1282837042 137 0 0 0 0 0 0 0 0 1 0 0 1
1282887125 138 0 0 0 0 0 0 0 0 1 0 0 1
1282926797 139 0 0 0 0 0 0 0 0 1 0 0 1
1283028248 140 0 0 0 0 0 0 0 0 1 0 0 1
1283185744 141 0 0 0 0 0 0 0 0 1 0 0 1
1283231870 142 0 0 0 0 0 0 0 0 1 0 0 1
1283531506 143 0 0 0 0 0 0 0 0 1 0 0 1
1283870740 144 0 0 0 0 0 0 0 0 1 0 0 1
1283871421 145 0 0 0 0 0 0 0 0 1 0 0 1
1283877451 146 0 0 0 0 0 0 0 0 1 0 0 1
1284103115 147 0 0 0 0 0 0 0 0 1 0 0 1
1284502908 148 0 0 0 0 0 0 0 0 1 0 0 1
1284860488 149 0 0 0 0 0 0 0 0 1 0 0 1
1284998780 150 0 0 0 0 0 0 0 0 1 0 0 1
1285001104 151 0 0 0 0 0 0 0 0 1 0 0 1
1285054310 152 0 0 0 0 0 0 0 0 1 0 0 1
1285130497 153 0 0 0 0 0 0 0 0 1 0 0 1
1285168884 154 0 0 0 0 0 0 0 0 1 0 0 1
1285171599 155 0 0 0 0 0 0 0 0 1 0 0 1
1285777848 156 0 0 0 0 0 0 0 0 1 0 0 1
1285862295 157 0 0 0 0 0 0 0 0 1 0 0 1
1285866342 158 0 0 0 0 0 0 0 0 1 0 0 1
1285946297 159 0 0 0 0 0 0 0 0 1 0 0 1
1285950972 160 0 0 0 0 0 0 0 0 1 0 0 1
1286050916 161 0 0 0 0 0 0 0 0 1 0 0 1
1286059002 162 0 0 0 0 0 0 0 0 1 0 0 1
1286073827 163 0 0 0 0 0 0 0 0 1 0 0 1
1286078460 164 0 0 0 0 0 0 0 0 1 0 0 1
1286258890 165 0 0 0 0 0 0 0 0 1 0 0 1
1286297087 166 0 0 0 0 0 0 0 0 1 0 0 1
1286297479 167 0 0 0 0 0 0 0 0 1 0 0 1
1286378034 168 0 0 0 0 0 0 0 0 1 0 0 1
1286378555 169 0 0 0 0 0 0 0 0 1 0 0 1
1286381989 170 0 0 0 0 0 0 0 0 1 0 0 1
1286418324 171 0 0 0 0 0 0 0 0 1 0 0 1
1286427561 172 0 0 0 0 0 0 0 0 1 0 0 1
1286427962 173 0 0 0 0 0 0 0 0 1 0 0 1
1286431727 175 0 0 0 0 0 0 0 0 1 0 0 1
1286551034 176 0 0 0 0 0 0 0 0 1 0 0 1
1286554706 177 0 0 0 0 0 0 0 0 1 0 0 1
1286555951 178 0 0 0 0 0 0 0 0 1 0 0 1
1286556135 179 0 0 0 0 0 0 0 0 1 0 0 1
1286557214 180 0 0 0 0 0 0 0 0 1 0 0 1
1287724889 181 0 0 0 0 0 0 0 0 1 0 0 1
1287724930 182 0 0 0 0 0 0 0 0 1 0 0 1
1287879016 183 0 0 0 0 0 0 0 0 1 0 0 1
1287973022 184 0 0 0 0 0 0 0 0 1 0 0 1
1288111715 185 0 0 0 0 0 0 0 0 1 0 0 1
1288197680 186 0 0 0 0 0 0 0 0 1 0 0 1
1288282224 187 0 0 0 0 0 0 0 0 1 0 0 1
1288283689 188 0 0 0 0 0 0 0 0 1 0 0 1
1288321068 189 0 0 0 0 0 0 0 0 1 0 0 1
1288365271 190 0 0 0 0 0 0 0 0 1 0 0 1
1288368563 191 0 0 0 0 0 0 0 0 1 0 0 1
1288372200 192 0 0 0 0 0 0 0 0 1 0 0 1
1288418060 193 0 0 0 0 0 0 0 0 1 0 0 1
1288494426 194 0 0 0 0 0 0 0 0 1 0 0 1
1288496686 195 0 0 0 0 0 0 0 0 1 0 0 1
1288512818 196 0 0 0 0 0 0 0 0 1 0 0 1
1288709154 197 0 0 0 0 0 0 0 0 1 0 0 1
1288801632 198 0 0 0 0 0 0 0 0 1 0 0 1
1288802369 199 0 0 0 0 0 0 0 0 1 0 0 1
1288802700 200 0 0 0 0 0 0 0 0 1 0 0 1
1288803072 201 0 0 0 0 0 0 0 0 1 0 0 1
1288891138 202 0 0 0 0 0 0 0 0 1 0 0 1
1288971819 203 0 0 0 0 0 0 0 0 1 0 0 1
1288973912 204 0 0 0 0 0 0 0 0 1 0 0 1
1288975667 205 0 0 0 0 0 0 0 0 1 0 0 1
1289409298 206 0 0 0 0 0 0 0 0 1 0 0 1
1289446982 207 0 0 0 0 0 0 0 0 1 0 0 1
1289585938 208 0 0 0 0 0 0 0 0 1 0 0 1
1289705322 209 0 0 0 0 0 0 0 0 1 0 0 1
1289707673 210 0 0 0 0 0 0 0 0 1 0 0 1
1289791014 211 0 0 0 0 0 0 0 0 1 0 0 1
1289791926 212 0 0 0 0 0 0 0 0 1 0 0 1
1289795137 213 0 0 0 0 0 0 0 0 1 0 0 1
1289795695 214 0 0 0 0 0 0 0 0 1 0 0 1
1289799984 215 0 0 0 0 0 0 0 0 1 0 0 1
1289922138 216 0 0 0 0 0 0 0 0 1 0 0 1
1289923178 217 0 0 0 0 0 0 0 0 1 0 0 1
1289928349 218 0 0 0 0 0 0 0 0 1 0 0 1
1289964750 219 0 0 0 0 0 0 0 0 1 0 0 1
1289977795 220 0 0 0 0 0 0 0 0 1 0 0 1
1290013530 221 0 0 0 0 0 0 0 0 1 0 0 1
1290017584 222 0 0 0 0 0 0 0 0 1 0 0 1
1290063037 223 0 0 0 0 0 0 0 0 1 0 0 1
1290065142 224 0 0 0 0 0 0 0 0 1 0 0 1
1290095431 225 0 0 0 0 0 0 0 0 1 0 0 1
1290097315 226 0 0 0 0 0 0 0 0 1 0 0 1
1290103936 227 0 0 0 0 0 0 0 0 1 0 0 1
1290146821 228 0 0 0 0 0 0 0 0 1 0 0 1
1290187312 229 0 0 0 0 0 0 0 0 1 0 0 1
1290189762 230 0 0 0 0 0 0 0 0 1 0 0 1
1290231239 231 0 0 0 0 0 0 0 0 1 0 0 1
1290395455 232 0 0 0 0 0 0 0 0 1 0 0 1
1290447670 233 0 0 0 0 0 0 0 0 1 0 0 1
1290448262 234 0 0 0 0 0 0 0 0 1 0 0 1
1290448978 235 0 0 0 0 0 0 0 0 1 0 0 1
1290618509 236 0 0 0 0 0 0 0 0 1 0 0 1
1290748786 237 0 0 0 0 0 0 0 0 1 0 0 1
1290843994 238 0 0 0 0 0 0 0 0 1 0 0 1
1290894913 239 0 0 0 0 0 0 0 0 1 0 0 1
1290902583 240 0 0 0 0 0 0 0 0 1 0 0 1
1290914231 241 0 0 0 0 0 0 0 0 1 0 0 1
1290919350 242 0 0 0 0 0 0 0 0 1 0 0 1
1290920183 243 0 0 0 0 0 0 0 0 1 0 0 1
1290936374 244 0 0 0 0 0 0 0 0 1 0 0 1
1290937538 245 0 0 0 0 0 0 0 0 1 0 0 1
1290941719 246 0 0 0 0 0 0 0 0 1 0 0 1
1290941937 247 0 0 0 0 0 0 0 0 1 0 0 1
1291175725 249 0 0 0 0 0 0 0 0 1 0 0 1
1291518456 250 0 0 0 0 0 0 0 0 1 0 0 1
1291659390 251 0 0 0 0 0 0 0 0 1 0 0 1
1291692921 252 0 0 0 0 0 0 0 0 1 0 0 1
1291743731 254 0 0 0 0 0 0 0 0 1 0 0 1
1291743963 256 0 0 0 0 0 0 0 0 1 0 0 1
1291915525 257 0 0 0 0 0 0 0 0 1 0 0 1
1291916952 258 0 0 0 0 0 0 0 0 1 0 0 1
1292113288 260 0 0 0 0 0 0 0 0 1 0 0 1
1292115774 262 0 0 0 0 0 0 0 0 1 0 0 1
1292262986 263 0 0 0 0 0 0 0 0 1 0 0 1
1292263008 264 0 0 0 0 0 0 0 0 1 0 0 1
1292703732 265 0 0 0 0 0 0 0 0 1 0 0 1
1292731154 266 0 0 0 0 0 0 0 0 1 0 0 1
1292731471 267 0 0 0 0 0 0 0 0 1 0 0 1
1292858482 268 0 0 0 0 0 0 0 0 1 0 0 1
1293085375 269 0 0 0 0 0 0 0 0 1 0 0 1
1293086539 270 0 0 0 0 0 0 0 0 1 0 0 1
1293120935 271 0 0 0 0 0 0 0 0 1 0 0 1
1293121132 272 0 0 0 0 0 0 0 0 1 0 0 1
1293764530 273 0 0 0 0 0 0 0 0 1 0 0 1
1293861385 274 0 0 0 0 0 0 0 0 1 0 0 1
1293865174 275 0 0 0 0 0 0 0 0 1 0 0 1
1293865618 276 0 0 0 0 0 0 0 0 1 0 0 1
1293939512 277 0 0 0 0 0 0 0 0 1 0 0 1
1293940305 278 0 0 0 0 0 0 0 0 1 0 0 1
1294004884 279 0 0 0 0 0 0 0 0 1 0 0 1
1294020052 280 0 0 0 0 0 0 0 0 1 0 0 1
1294198574 281 0 0 0 0 0 0 0 0 1 0 0 1
1294249766 282 0 0 0 0 0 0 0 0 1 0 0 1
1294291819 283 0 0 0 0 0 0 0 0 1 0 0 1
1294329830 284 0 0 0 0 0 0 0 0 1 0 0 1
1294333513 285 0 0 0 0 0 0 0 0 1 0 0 1
1294334962 286 0 0 0 0 0 0 0 0 1 0 0 1
1294373005 287 0 0 0 0 0 0 0 0 1 0 0 1
1294373882 288 0 0 0 0 0 0 0 0 1 0 0 1
1294416509 289 0 0 0 0 0 0 0 0 1 0 0 1
1294416609 290 0 0 0 0 0 0 0 0 1 0 0 1
1294418035 291 0 0 0 0 0 0 0 0 1 0 0 1
1294418405 292 0 0 0 0 0 0 0 0 1 0 0 1
1294461880 293 0 0 0 0 0 0 0 0 1 0 0 1
1294466796 294 0 0 0 0 0 0 0 0 1 0 0 1
1294468508 295 0 0 0 0 0 0 0 0 1 0 0 1
1294679353 296 0 0 0 0 0 0 0 0 1 0 0 1
1294763805 297 0 0 0 0 0 0 0 0 1 0 0 1
1294764211 298 0 0 0 0 0 0 0 0 1 0 0 1
1294771757 299 0 0 0 0 0 0 0 0 1 0 0 1
1294807698 300 0 0 0 0 0 0 0 0 1 0 0 1
1294808169 301 0 0 0 0 0 0 0 0 1 0 0 1
1294887997 302 0 0 0 0 0 0 0 0 1 0 0 1
1294888296 303 0 0 0 0 0 0 0 0 1 0 0 1
1294891500 304 0 0 0 0 0 0 0 0 1 0 0 1
1294939543 305 0 0 0 0 0 0 0 0 1 0 0 1
1295121923 306 0 0 0 0 0 0 0 0 1 0 0 1
1295122520 307 0 0 0 0 0 0 0 0 1 0 0 1
1295127249 308 0 0 0 0 0 0 0 0 1 0 0 1
1295127600 309 0 0 0 0 0 0 0 0 1 0 0 1
1295144133 310 0 0 0 0 0 0 0 0 1 0 0 1
1295144324 311 0 0 0 0 0 0 0 0 1 0 0 1
1295492896 312 0 0 0 0 0 0 0 0 1 0 0 1
1295494080 313 0 0 0 0 0 0 0 0 1 0 0 1
1295736866 314 0 0 0 0 0 0 0 0 1 0 0 1
1295737012 315 0 0 0 0 0 0 0 0 1 0 0 1
1295977617 316 0 0 0 0 0 0 0 0 1 0 0 1
1296060418 317 0 0 0 0 0 0 0 0 1 0 0 1
1296147519 318 0 0 0 0 0 0 0 0 1 0 0 1
1296378360 319 0 0 0 0 0 0 0 0 1 0 0 1
1297050806 320 0 0 0 0 0 0 0 0 1 0 0 1
1297659294 321 0 0 0 0 0 0 0 0 1 0 0 1
1297660096 322 0 0 0 0 0 0 0 0 1 0 0 1
1297660133 323 0 0 0 0 0 0 0 0 1 0 0 1
1297872927 324 0 0 0 0 0 0 0 0 1 0 0 1
1297997670 325 0 0 0 0 0 0 0 0 1 0 0 1
1298050211 326 0 0 0 0 0 0 0 0 1 0 0 1
1298103677 327 0 0 0 0 0 0 0 0 1 0 0 1
1298103958 328 0 0 0 0 0 0 0 0 1 0 0 1
1298157909 329 0 0 0 0 0 0 0 0 1 0 0 1
1298268017 330 0 0 0 0 0 0 0 0 1 0 0 1
1298611060 331 0 0 0 0 0 0 0 0 1 0 0 1
1298842579 332 0 0 0 0 0 0 0 0 1 0 0 1
1298842623 333 0 0 0 0 0 0 0 0 1 0 0 1
1298913086 334 0 0 0 0 0 0 0 0 1 0 0 1
1298914795 335 0 0 0 0 0 0 0 0 1 0 0 1
1298950933 336 0 0 0 0 0 0 0 0 1 0 0 1
1299123460 337 0 0 0 0 0 0 0 0 1 0 0 1
1299125781 338 0 0 0 0 0 0 0 0 1 0 0 1
1299126737 339 0 0 0 0 0 0 0 0 1 0 0 1
1299642791 340 0 0 0 0 0 0 0 0 1 0 0 1
1299643018 341 0 0 0 0 0 0 0 0 1 0 0 1
1299992298 342 0 0 0 0 0 0 0 0 1 0 0 1
1300051463 343 0 0 0 0 0 0 0 0 1 0 0 1
1300720457 344 0 0 0 0 0 0 0 0 1 0 0 1
1300725567 345 0 0 0 0 0 0 0 0 1 0 0 1
1300760316 346 0 0 0 0 0 0 0 0 1 0 0 1
1300762097 347 0 0 0 0 0 0 0 0 1 0 0 1
1300850482 348 0 0 0 0 0 0 0 0 1 0 0 1
1300897112 349 0 0 0 0 0 0 0 0 1 0 0 1
1301020248 350 0 0 0 0 0 0 0 0 1 0 0 1
1301194714 351 0 0 0 0 0 0 0 0 1 0 0 1
1301206079 352 0 0 0 0 0 0 0 0 1 0 0 1
1301282514 353 0 0 0 0 0 0 0 0 1 0 0 1
1301328157 354 0 0 0 0 0 0 0 0 1 0 0 1
1301328522 355 0 0 0 0 0 0 0 0 1 0 0 1
1301328651 356 0 0 0 0 0 0 0 0 1 0 0 1
1301329225 357 0 0 0 0 0 0 0 0 1 0 0 1
1301363604 358 0 0 0 0 0 0 0 0 1 0 0 1
1301674695 359 0 0 0 0 0 0 0 0 1 0 0 1
1301708115 360 0 0 0 0 0 0 0 0 1 0 0 1
1301708873 361 0 0 0 0 0 0 0 0 1 0 0 1
1301711165 362 0 0 0 0 0 0 0 0 1 0 0 1
1301774250 363 0 0 0 0 0 0 0 0 1 0 0 1
1301776778 364 0 0 0 0 0 0 0 0 1 0 0 1
1301781083 365 0 0 0 0 0 0 0 0 1 0 0 1
1301781274 366 0 0 0 0 0 0 0 0 1 0 0 1
1301782213 367 0 0 0 0 0 0 0 0 1 0 0 1
1301784168 368 0 0 0 0 0 0 0 0 1 0 0 1
1301785211 369 0 0 0 0 0 0 0 0 1 0 0 1
1301788275 370 0 0 0 0 0 0 0 0 1 0 0 1
1301803248 371 0 0 0 0 0 0 0 0 1 0 0 1
1301804160 372 0 0 0 0 0 0 0 0 1 0 0 1
1301807050 373 0 0 0 0 0 0 0 0 1 0 0 1
1301808186 374 0 0 0 0 0 0 0 0 1 0 0 1
1301810158 375 0 0 0 0 0 0 0 0 1 0 0 1
1301811179 376 0 0 0 0 0 0 0 0 1 0 0 1
1301811338 377 0 0 0 0 0 0 0 0 1 0 0 1
1301812089 378 0 0 0 0 0 0 0 0 1 0 0 1
1301812586 379 0 0 0 0 0 0 0 0 1 0 0 1
1301853805 380 0 0 0 0 0 0 0 0 1 0 0 1
1301855534 381 0 0 0 0 0 0 0 0 1 0 0 1
1301855920 382 0 0 0 0 0 0 0 0 1 0 0 1
1301859858 383 0 0 0 0 0 0 0 0 1 0 0 1
1301930120 384 0 0 0 0 0 0 0 0 1 0 0 1
1301930551 385 0 0 0 0 0 0 0 0 1 0 0 1
1301930883 386 0 0 0 0 0 0 0 0 1 0 0 1
1301970727 387 0 0 0 0 0 0 0 0 1 0 0 1
1301971338 388 0 0 0 0 0 0 0 0 1 0 0 1
1301971498 389 0 0 0 0 0 0 0 0 1 0 0 1
1302139718 390 0 0 0 0 0 0 0 0 1 0 0 1
1302139811 391 0 0 0 0 0 0 0 0 1 0 0 1
1302186026 392 0 0 0 0 0 0 0 0 1 0 0 1
1302624226 393 0 0 0 0 0 0 0 0 1 0 0 1
1302624900 394 0 0 0 0 0 0 0 0 1 0 0 1
1302626425 395 0 0 0 0 0 0 0 0 1 0 0 1
1302705805 396 0 0 0 0 0 0 0 0 1 0 0 1
1302706736 397 0 0 0 0 0 0 0 0 1 0 0 1
1303094078 398 0 0 0 0 0 0 0 0 1 0 0 1
1303350261 399 0 0 0 0 0 0 0 0 1 0 0 1
1303353008 400 0 0 0 0 0 0 0 0 1 0 0 1
1303353497 401 0 0 0 0 0 0 0 0 1 0 0 1
1303399219 402 0 0 0 0 0 0 0 0 1 0 0 1
1303400344 403 0 0 0 0 0 0 0 0 1 0 0 1
1303401156 404 0 0 0 0 0 0 0 0 1 0 0 1
1303403883 405 0 0 0 0 0 0 0 0 1 0 0 1
1303404135 406 0 0 0 0 0 0 0 0 1 0 0 1
1303524340 407 0 0 0 0 0 0 0 0 1 0 0 1
1303524754 408 0 0 0 0 0 0 0 0 1 0 0 1
1303525130 409 0 0 0 0 0 0 0 0 1 0 0 1
1303615337 410 0 0 0 0 0 0 0 0 1 0 0 1
1303615495 411 0 0 0 0 0 0 0 0 1 0 0 1
1303615841 412 0 0 0 0 0 0 0 0 1 0 0 1
1303616071 413 0 0 0 0 0 0 0 0 1 0 0 1
1303672894 414 0 0 0 0 0 0 0 0 1 0 0 1
1303782673 415 0 0 0 0 0 0 0 0 1 0 0 1
1303784023 416 0 0 0 0 0 0 0 0 1 0 0 1
1303784516 417 0 0 0 0 0 0 0 0 1 0 0 1
1303786327 418 0 0 0 0 0 0 0 0 1 0 0 1
1303831970 419 0 0 0 0 0 0 0 0 1 0 0 1
1303833319 420 0 0 0 0 0 0 0 0 1 0 0 1
1303836614 421 0 0 0 0 0 0 0 0 1 0 0 1
1303870855 422 0 0 0 0 0 0 0 0 1 0 0 1
1303917843 423 0 0 0 0 0 0 0 0 1 0 0 1
1303918360 424 0 0 0 0 0 0 0 0 1 0 0 1
1303919574 425 0 0 0 0 0 0 0 0 1 0 0 1
1303921265 426 0 0 0 0 0 0 0 0 1 0 0 1
1303922500 427 0 0 0 0 0 0 0 0 1 0 0 1
1303958912 428 0 0 0 0 0 0 0 0 1 0 0 1
1303963985 429 0 0 0 0 0 0 0 0 1 0 0 1
1303964454 430 0 0 0 0 0 0 0 0 1 0 0 1
1303965981 431 0 0 0 0 0 0 0 0 1 0 0 1
1304309161 432 0 0 0 0 0 0 0 0 1 0 0 1
1304391579 433 0 0 0 0 0 0 0 0 1 0 0 1
1304395457 434 0 0 0 0 0 0 0 0 1 0 0 1
1304396934 435 0 0 0 0 0 0 0 0 1 0 0 1
1304441272 436 0 0 0 0 0 0 0 0 1 0 0 1
1304441382 437 0 0 0 0 0 0 0 0 1 0 0 1
1304527606 438 0 0 0 0 0 0 0 0 1 0 0 1
1304561456 439 0 0 0 0 0 0 0 0 1 0 0 1
1304561981 440 0 0 0 0 0 0 0 0 1 0 0 1
1304562979 441 0 0 0 0 0 0 0 0 1 0 0 1
1304740802 442 0 0 0 0 0 0 0 0 1 0 0 1
1304796599 443 0 0 0 0 0 0 0 0 1 0 0 1
1304833527 444 0 0 0 0 0 0 0 0 1 0 0 1
1304954927 445 0 0 0 0 0 0 0 0 1 0 0 1
1304960187 446 0 0 0 0 0 0 0 0 1 0 0 1
1304992087 447 0 0 0 0 0 0 0 0 1 0 0 1
1304992558 448 0 0 0 0 0 0 0 0 1 0 0 1
1304993668 449 0 0 0 0 0 0 0 0 1 0 0 1
1305003723 450 0 0 0 0 0 0 0 0 1 0 0 1
1305003861 451 0 0 0 0 0 0 0 0 1 0 0 1
1305043818 452 0 0 0 0 0 0 0 0 1 0 0 1
1305044574 453 0 0 0 0 0 0 0 0 1 0 0 1
1305173408 454 0 0 0 0 0 0 0 0 1 0 0 1
1305175325 455 0 0 0 0 0 0 0 0 1 0 0 1
1305212038 456 0 0 0 0 0 0 0 0 1 0 0 1
1305218279 457 0 0 0 0 0 0 0 0 1 0 0 1
1305252021 458 0 0 0 0 0 0 0 0 1 0 0 1
1305252281 459 0 0 0 0 0 0 0 0 1 0 0 1
1305252871 460 0 0 0 0 0 0 0 0 1 0 0 1
1305258355 461 0 0 0 0 0 0 0 0 1 0 0 1
1305258826 462 0 0 0 0 0 0 0 0 1 0 0 1
1305259048 463 0 0 0 0 0 0 0 0 1 0 0 1
1305259334 464 0 0 0 0 0 0 0 0 1 0 0 1
1305259650 465 0 0 0 0 0 0 0 0 1 0 0 1
1305259981 466 0 0 0 0 0 0 0 0 1 0 0 1
1305260259 467 0 0 0 0 0 0 0 0 1 0 0 1
1305297313 468 0 0 0 0 0 0 0 0 1 0 0 1
1305299833 469 0 0 0 0 0 0 0 0 1 0 0 1
1305336103 470 0 0 0 0 0 0 0 0 1 0 0 1
1305336556 471 0 0 0 0 0 0 0 0 1 0 0 1
1305338691 472 0 0 0 0 0 0 0 0 1 0 0 1
1305339712 473 0 0 0 0 0 0 0 0 1 0 0 1
1305340140 474 0 0 0 0 0 0 0 0 1 0 0 1
1305341058 475 0 0 0 0 0 0 0 0 1 0 0 1
1305403489 476 0 0 0 0 0 0 0 0 1 0 0 1
1305405784 477 0 0 0 0 0 0 0 0 1 0 0 1
1305407516 478 0 0 0 0 0 0 0 0 1 0 0 1
1305775715 479 0 0 0 0 0 0 0 0 1 0 0 1
1305824238 480 0 0 0 0 0 0 0 0 1 0 0 1
1305855214 481 0 0 0 0 0 0 0 0 1 0 0 1
1305857038 482 0 0 0 0 0 0 0 0 1 0 0 1
1305908897 483 0 0 0 0 0 0 0 0 1 0 0 1
1305936137 484 0 0 0 0 0 0 0 0 1 0 0 1
1305946331 485 0 0 0 0 0 0 0 0 1 0 0 1
1306010179 486 0 0 0 0 0 0 0 0 1 0 0 1
1306011560 487 0 0 0 0 0 0 0 0 1 0 0 1
1306336678 488 0 0 0 0 0 0 0 0 1 0 0 1
1306341599 489 0 0 0 0 0 0 0 0 1 0 0 1
1306418557 490 0 0 0 0 0 0 0 0 1 0 0 1
1306420045 491 0 0 0 0 0 0 0 0 1 0 0 1
1306423363 492 0 0 0 0 0 0 0 0 1 0 0 1
1306501220 492 1 0 0 0 0 0 0 0 1 0 0 1
1306501285 492 2 0 0 0 0 0 0 0 1 0 0 1
1306501560 492 3 0 0 0 0 0 0 0 1 0 0 1
1306589355 492 4 0 0 0 0 0 0 0 1 0 0 1
1306665154 492 5 0 0 0 0 0 0 0 1 0 0 1
1306701202 492 6 0 0 0 0 0 0 0 1 0 0 1
1306772758 493 6 0 0 0 0 0 0 0 1 0 0 1
1306791083 493 7 0 0 0 0 0 0 0 1 0 0 1
1306791487 493 8 0 0 0 0 0 0 0 1 0 0 1
1306832569 493 9 0 0 0 0 0 0 0 1 0 0 1
1306926806 493 10 0 0 0 0 0 0 0 1 0 0 1
1306929987 493 11 0 0 0 0 0 0 0 1 0 0 1
1306930355 493 12 0 0 0 0 0 0 0 1 0 0 1
1307010487 493 13 0 0 0 0 0 0 0 1 0 0 1
1307030385 495 13 0 0 0 0 0 0 0 1 0 0 1
1307220729 496 13 0 0 0 0 0 0 0 1 0 0 1
1307221523 497 13 0 0 0 0 0 0 0 1 0 0 1
1307244016 498 13 0 0 0 0 0 0 0 1 0 0 1
1307247755 499 13 0 0 0 0 0 0 0 1 0 0 1
1307248677 500 13 0 0 0 0 0 0 0 1 0 0 1
1307249277 501 13 0 0 0 0 0 0 0 1 0 0 1
1307290248 501 14 0 0 0 0 0 0 0 1 0 0 1
1307290429 501 15 0 0 0 0 0 0 0 1 0 0 1
1307292803 501 16 0 0 0 0 0 0 0 1 0 0 1
1307442696 501 17 0 0 0 0 0 0 0 1 0 0 1
1307547687 501 18 0 0 0 0 0 0 0 1 0 0 1
1307547760 501 19 0 0 0 0 0 0 0 1 0 0 1
1307547822 501 20 0 0 0 0 0 0 0 1 0 0 1
1307547892 501 21 0 0 0 0 0 0 0 1 0 0 1
1307720068 502 21 0 0 0 0 0 0 0 1 0 0 1
1307720214 503 21 0 0 0 0 0 0 0 1 0 0 1
1307756302 504 21 0 0 0 0 0 0 0 1 0 0 1
1307756364 505 21 0 0 0 0 0 0 0 1 0 0 1
1307821076 506 21 0 0 0 0 0 0 0 1 0 0 1
1307821369 507 21 0 0 0 0 0 0 0 1 0 0 1
1307827367 508 21 0 0 0 0 0 0 0 1 0 0 1
1307843582 509 21 0 0 0 0 0 0 0 1 0 0 1
1307845181 510 21 0 0 0 0 0 0 0 1 0 0 1
1307850934 511 21 0 0 0 0 0 0 0 1 0 0 1
1307905883 512 21 0 0 0 0 0 0 0 1 0 0 1
1307909916 513 21 0 0 0 0 0 0 0 1 0 0 1
1307911693 514 21 0 0 0 0 0 0 0 1 0 0 1
1307912911 515 21 0 0 0 0 0 0 0 1 0 0 1
1307925559 516 21 0 0 0 0 0 0 0 1 0 0 1
1307928533 517 21 0 0 0 0 0 0 0 1 0 0 1
1307928625 518 21 0 0 0 0 0 0 0 1 0 0 1
1307996227 518 22 0 0 0 0 0 0 0 1 0 0 1
1307996953 518 23 0 0 0 0 0 0 0 1 0 0 1
1308001289 518 24 0 0 0 0 0 0 0 1 0 0 1
1308001710 518 25 0 0 0 0 0 0 0 1 0 0 1
1308019617 519 25 0 0 0 0 0 0 0 1 0 0 1
1308022556 520 25 0 0 0 0 0 0 0 1 0 0 1
1308023266 521 25 0 0 0 0 0 0 0 1 0 0 1
1308068000 522 25 0 0 0 0 0 0 0 1 0 0 1
1308151246 523 25 0 0 0 0 0 0 0 1 0 0 1
1308151410 524 25 0 0 0 0 0 0 0 1 0 0 1
1308234914 525 25 0 0 0 0 0 0 0 1 0 0 1
1308236280 526 25 0 0 0 0 0 0 0 1 0 0 1
1308244310 527 25 0 0 0 0 0 0 0 1 0 0 1
1308282825 528 25 0 0 0 0 0 0 0 1 0 0 1
1308329209 529 25 0 0 0 0 0 0 0 1 0 0 1
1308364176 530 25 0 0 0 0 0 0 0 1 0 0 1
1308366295 531 25 0 0 0 0 0 0 0 1 0 0 1
1308366415 532 25 0 0 0 0 0 0 0 1 0 0 1
1308367076 533 25 0 0 0 0 0 0 0 1 0 0 1
1308407763 533 26 0 0 0 0 0 0 0 1 0 0 1
1308408099 533 27 0 0 0 0 0 0 0 1 0 0 1
1308437937 534 27 0 0 0 0 0 0 0 1 0 0 1
1308438090 535 27 0 0 0 0 0 0 0 1 0 0 1
1308443763 536 27 0 0 0 0 0 0 0 1 0 0 1
1308447122 537 27 0 0 0 0 0 0 0 1 0 0 1
1308447345 538 27 0 0 0 0 0 0 0 1 0 0 1
1308447645 539 27 0 0 0 0 0 0 0 1 0 0 1
1308450662 540 27 0 0 0 0 0 0 0 1 0 0 1
1308469477 540 28 0 0 0 0 0 0 0 1 0 0 1
1308514230 541 28 0 0 0 0 0 0 0 1 0 0 1
1308518095 542 28 0 0 0 0 0 0 0 1 0 0 1
1308518684 543 28 0 0 0 0 0 0 0 1 0 0 1
1308520343 544 28 0 0 0 0 0 0 0 1 0 0 1
1308521514 545 28 0 0 0 0 0 0 0 1 0 0 1
1308521993 546 28 0 0 0 0 0 0 0 1 0 0 1
1308570905 546 29 0 0 0 0 0 0 0 1 0 0 1
1308575670 546 30 0 0 0 0 0 0 0 1 0 0 1
1308656298 546 31 0 0 0 0 0 0 0 1 0 0 1
1308687350 546 32 0 0 0 0 0 0 0 1 0 0 1
1308712449 547 32 0 0 0 0 0 0 0 1 0 0 1
1308757485 548 32 0 0 0 0 0 0 0 1 0 0 1
1308793277 549 32 0 0 0 0 0 0 0 1 0 0 1
1308794285 550 32 0 0 0 0 0 0 0 1 0 0 1
1308842545 551 32 0 0 0 0 0 0 0 1 0 0 1
1308844280 552 32 0 0 0 0 0 0 0 1 0 0 1
1308845011 553 32 0 0 0 0 0 0 0 1 0 0 1
1308971125 554 32 0 0 0 0 0 0 0 1 0 0 1
1308995914 554 33 0 0 0 0 0 0 0 1 0 0 1
1308996415 554 34 0 0 0 0 0 0 0 1 0 0 1
1308996534 554 35 0 0 0 0 0 0 0 1 0 0 1
1309037059 554 36 0 0 0 0 0 0 0 1 0 0 1
1309042969 554 37 0 0 0 0 0 0 0 1 0 0 1
1309050220 554 38 0 0 0 0 0 0 0 1 0 0 1
1309050642 554 39 0 0 0 0 0 0 0 1 0 0 1
1309122275 555 39 0 0 0 0 0 0 0 1 0 0 1
1309190047 556 39 0 0 0 0 0 0 0 1 0 0 1
1309193952 557 39 0 0 0 0 0 0 0 1 0 0 1
1309272198 558 39 0 0 0 0 0 0 0 1 0 0 1
1309276355 559 39 0 0 0 0 0 0 0 1 0 0 1
1309281650 560 39 0 0 0 0 0 0 0 1 0 0 1
1309320365 561 39 0 0 0 0 0 0 0 1 0 0 1
1309366935 562 39 0 0 0 0 0 0 0 1 0 0 1
1309398713 563 39 0 0 0 0 0 0 0 1 0 0 1
1309400587 564 39 0 0 0 0 0 0 0 1 0 0 1
1309400821 565 39 0 0 0 0 0 0 0 1 0 0 1
1309403586 566 39 0 0 0 0 0 0 0 1 0 0 1
1309404528 567 39 0 0 0 0 0 0 0 1 0 0 1
1309535497 568 39 0 0 0 0 0 0 0 1 0 0 1
1309540560 569 39 0 0 0 0 0 0 0 1 0 0 1
1309560387 570 39 0 0 0 0 0 0 0 1 0 0 1
1309561040 571 39 0 0 0 0 0 0 0 1 0 0 1
1309562723 572 39 0 0 0 0 0 0 0 1 0 0 1
1309714791 573 39 0 0 0 0 0 0 0 1 0 0 1
1309737293 574 39 0 0 0 0 0 0 0 1 0 0 1
1309740709 575 39 0 0 0 0 0 0 0 1 0 0 1
1309741716 576 39 0 0 0 0 0 0 0 1 0 0 1
1309742002 577 39 0 0 0 0 0 0 0 1 0 0 1
1309748786 578 39 0 0 0 0 0 0 0 1 0 0 1
1309779518 578 40 0 0 0 0 0 0 0 1 0 0 1
1309793882 579 40 0 0 0 0 0 0 0 1 0 0 1
1309820094 579 41 0 0 0 0 0 0 0 1 0 0 1
1309844719 580 41 0 0 0 0 0 0 0 1 0 0 1
1309861527 580 42 0 0 0 0 0 0 0 1 0 0 1
1309861605 580 43 0 0 0 0 0 0 0 1 0 0 1
1309901016 581 43 0 0 0 0 0 0 0 1 0 0 1
1309901739 582 43 0 0 0 0 0 0 0 1 0 0 1
1309921247 583 43 0 0 0 0 0 0 0 1 0 0 1
1309990005 584 43 0 0 0 0 0 0 0 1 0 0 1
1309999860 585 43 0 0 0 0 0 0 0 1 0 0 1
1310131976 585 44 0 0 0 0 0 0 0 1 0 0 1
1310167817 586 44 0 0 0 0 0 0 0 1 0 0 1
1310174160 587 44 0 0 0 0 0 0 0 1 0 0 1
1310212524 587 45 0 0 0 0 0 0 0 1 0 0 1
1310212851 587 46 0 0 0 0 0 0 0 1 0 0 1
1310213389 587 47 0 0 0 0 0 0 0 1 0 0 1
1310218508 587 48 0 0 0 0 0 0 0 1 0 0 1
1310219216 587 49 0 0 0 0 0 0 0 1 0 0 1
1310219466 587 50 0 0 0 0 0 0 0 1 0 0 1
1310219869 587 51 0 0 0 0 0 0 0 1 0 0 1
1310252919 588 51 0 0 0 0 0 0 0 1 0 0 1
1310253667 589 51 0 0 0 0 0 0 0 1 0 0 1
1310255588 590 51 0 0 0 0 0 0 0 1 0 0 1
1310256262 591 51 0 0 0 0 0 0 0 1 0 0 1
1310257418 592 51 0 0 0 0 0 0 0 1 0 0 1
1310259794 593 51 0 0 0 0 0 0 0 1 0 0 1
1310260486 594 51 0 0 0 0 0 0 0 1 0 0 1
1310261112 595 51 0 0 0 0 0 0 0 1 0 0 1
1310261854 596 51 0 0 0 0 0 0 0 1 0 0 1
1310262237 597 51 0 0 0 0 0 0 0 1 0 0 1
1310307881 597 52 0 0 0 0 0 0 0 1 0 0 1
1310309266 597 53 0 0 0 0 0 0 0 1 0 0 1
1310312636 598 54 0 0 0 0 0 0 0 1 0 0 1
1310328251 598 55 0 0 0 0 0 0 0 1 0 0 1
1310340082 599 55 0 0 0 0 0 0 0 1 0 0 1
1310340471 600 55 0 0 0 0 0 0 0 1 0 0 1
1310344171 601 55 0 0 0 0 0 0 0 1 0 0 1
1310349364 602 55 0 0 0 0 0 0 0 1 0 0 1
1310366136 603 55 0 0 0 0 0 0 0 1 0 0 1
1310367378 604 55 0 0 0 0 0 0 0 1 0 0 1
1310404844 605 55 0 0 0 0 0 0 0 1 0 0 1
1310413477 606 55 0 0 0 0 0 0 0 1 0 0 1
1310415617 607 55 0 0 0 0 0 0 0 1 0 0 1
1310416025 608 55 0 0 0 0 0 0 0 1 0 0 1
1310420519 609 55 0 0 0 0 0 0 0 1 0 0 1
1310446559 610 55 0 0 0 0 0 0 0 1 0 0 1
1310488848 611 55 0 0 0 0 0 0 0 1 0 0 1
1310489311 612 55 0 0 0 0 0 0 0 1 0 0 1
1310489918 613 55 0 0 0 0 0 0 0 1 0 0 1
1310490569 614 55 0 0 0 0 0 0 0 1 0 0 1
1310491305 615 55 0 0 0 0 0 0 0 1 0 0 1
1310491612 616 55 0 0 0 0 0 0 0 1 0 0 1
1310542507 617 55 0 0 0 0 0 0 0 1 0 0 1
1310543229 618 55 0 0 0 0 0 0 0 1 0 0 1
1310550253 618 56 0 0 0 0 0 0 0 1 0 0 1
1310613831 619 56 0 0 0 0 0 0 0 1 0 0 1
1310616793 620 56 0 0 0 0 0 0 0 1 0 0 1
1310618176 621 56 0 0 0 0 0 0 0 1 0 0 1
1310634518 621 57 0 0 0 0 0 0 0 1 0 0 1
1310634955 621 58 0 0 0 0 0 0 0 1 0 0 1
1310638350 621 59 0 0 0 0 0 0 0 1 0 0 1
1310690545 622 59 0 0 0 0 0 0 0 1 0 0 1
1310690959 623 60 0 0 0 0 0 0 0 1 0 0 1
1310757439 623 61 0 0 0 0 0 0 0 1 0 0 1
1310759382 623 62 0 0 0 0 0 0 0 1 0 0 1
1310759607 623 63 0 0 0 0 0 0 0 1 0 0 1
1310760384 623 64 0 0 0 0 0 0 0 1 0 0 1
1310764450 623 65 0 0 0 0 0 0 0 1 0 0 1
1310858237 623 66 0 0 0 0 0 0 0 1 0 0 1
1310860663 623 67 0 0 0 0 0 0 0 1 0 0 1
1310861156 623 68 0 0 0 0 0 0 0 1 0 0 1
1310878515 624 68 0 0 0 0 0 0 0 1 0 0 1
1310880586 625 68 0 0 0 0 0 0 0 1 0 0 1
1310882422 626 68 0 0 0 0 0 0 0 1 0 0 1
1310888700 627 68 0 0 0 0 0 0 0 1 0 0 1
1310901061 627 69 0 0 0 0 0 0 0 1 0 0 1
1310901864 627 70 0 0 0 0 0 0 0 1 0 0 1
1310904938 627 71 0 0 0 0 0 0 0 1 0 0 1
1311092303 628 71 0 0 0 0 0 0 0 1 0 0 1
1311092996 629 71 0 0 0 0 0 0 0 1 0 0 1
1311159069 629 72 0 0 0 0 0 0 0 1 0 0 1
1311163497 629 73 0 0 0 0 0 0 0 1 0 0 1
1311173063 630 73 0 0 0 0 0 0 0 1 0 0 1
1311203356 630 74 0 0 0 0 0 0 0 1 0 0 1
1311285805 630 75 0 0 0 0 0 0 0 1 0 0 1
1311289711 630 76 0 0 0 0 0 0 0 1 0 0 1
1311384005 630 77 0 0 0 0 0 0 0 1 0 0 1
1311461867 630 78 0 0 0 0 0 0 0 1 0 0 1
1311467110 630 79 0 0 0 0 0 0 0 1 0 0 1
1311728056 630 80 0 0 0 0 0 0 0 1 0 0 1
1311729652 631 80 0 0 0 0 0 0 0 1 0 0 1
1311732923 631 81 0 0 0 0 0 0 0 1 0 0 1
1311733611 632 81 0 0 0 0 0 0 0 1 0 0 1
1311772753 633 81 0 0 0 0 0 0 0 1 0 0 1
1311777874 634 81 0 0 0 0 0 0 0 1 0 0 1
1311790231 635 81 0 0 0 0 0 0 0 1 0 0 1
1311793802 636 81 0 0 0 0 0 0 0 1 0 0 1
1311798940 637 81 0 0 0 0 0 0 0 1 0 0 1
1311799178 638 81 0 0 0 0 0 0 0 1 0 0 1
1311852925 638 82 0 0 0 0 0 0 0 1 0 0 1
1311941358 638 83 0 0 0 0 0 0 0 1 0 0 1
1312017907 638 84 0 0 0 0 0 0 0 1 0 0 1
1312018449 638 85 0 0 0 0 0 0 0 1 0 0 1
1312019870 638 86 0 0 0 0 0 0 0 1 0 0 1
1312023221 638 87 0 0 0 0 0 0 0 1 0 0 1
1312023330 638 88 0 0 0 0 0 0 0 1 0 0 1
1312023446 638 89 0 0 0 0 0 0 0 1 0 0 1
1312023991 638 90 0 0 0 0 0 0 0 1 0 0 1
1312024281 638 91 0 0 0 0 0 0 0 1 0 0 1
1312024531 638 92 0 0 0 0 0 0 0 1 0 0 1
1312053847 638 93 0 0 0 0 0 0 0 1 0 0 1
1312055380 638 94 0 0 0 0 0 0 0 1 0 0 1
1312056317 638 95 0 0 0 0 0 0 0 1 0 0 1
1312056423 638 96 0 0 0 0 0 0 0 1 0 0 1
1312109250 638 97 0 0 0 0 0 0 0 1 0 0 1
1312157481 638 98 0 0 0 0 0 0 0 1 0 0 1
1312157549 639 99 0 0 0 0 0 0 0 1 0 0 1
1312295943 640 99 0 0 0 0 0 0 0 1 0 0 1
1312388848 642 99 0 0 0 0 0 0 0 1 0 0 1
1312670100 643 99 0 0 0 0 0 0 0 1 0 0 1
1312672447 644 99 0 0 0 0 0 0 0 1 0 0 1
1312673086 645 99 0 0 0 0 0 0 0 1 0 0 1
1312673872 646 99 0 0 0 0 0 0 0 1 0 0 1
1312814775 647 99 0 0 0 0 0 0 0 1 0 0 1
1312817448 648 99 0 0 0 0 0 0 0 1 0 0 1
1312818178 649 99 0 0 0 0 0 0 0 1 0 0 1
1312818615 650 99 0 0 0 0 0 0 0 1 0 0 1
1312995313 651 99 0 0 0 0 0 0 0 1 0 0 1
1313075885 652 99 0 0 0 0 0 0 0 1 0 0 1
1313076248 653 99 0 0 0 0 0 0 0 1 0 0 1
1313077743 654 99 0 0 0 0 0 0 0 1 0 0 1
1313078638 655 99 0 0 0 0 0 0 0 1 0 0 1
1313081816 656 99 0 0 0 0 0 0 0 1 0 0 1
1313167723 657 99 0 0 0 0 0 0 0 1 0 0 1
1313168180 658 99 0 0 0 0 0 0 0 1 0 0 1
1313168378 659 99 0 0 0 0 0 0 0 1 0 0 1
1313274068 660 99 0 0 0 0 0 0 0 1 0 0 1
1313428260 661 99 0 0 0 0 0 0 0 1 0 0 1
1313601373 662 99 0 0 0 0 0 0 0 1 0 0 1
1313684817 663 99 0 0 0 0 0 0 0 1 0 0 1
1314117254 664 99 0 0 0 0 0 0 0 1 0 0 1
1314119247 665 99 0 0 0 0 0 0 0 1 0 0 1
1314205644 666 99 0 0 0 0 0 0 0 1 0 0 1
1314292524 667 99 0 0 0 0 0 0 0 1 0 0 1
1314321568 668 99 0 0 0 0 0 0 0 1 0 0 1
1314321979 669 99 0 0 0 0 0 0 0 1 0 0 1
1314370496 670 99 0 0 0 0 0 0 0 1 0 0 1
1314372236 671 99 0 0 0 0 0 0 0 1 0 0 1
1314379695 672 99 0 0 0 0 0 0 0 1 0 0 1
1314568663 673 99 0 0 0 0 0 0 0 1 0 0 1
1314578477 674 99 0 0 0 0 0 0 0 1 0 0 1
1314581236 675 99 0 0 0 0 0 0 0 1 0 0 1
1314581897 676 99 0 0 0 0 0 0 0 1 0 0 1
1314636615 677 99 0 0 0 0 0 0 0 1 0 0 1
1314722513 678 99 0 0 0 0 0 0 0 1 0 0 1
1314722985 679 99 0 0 0 0 0 0 0 1 0 0 1
1314723451 680 99 0 0 0 0 0 0 0 1 0 0 1
1314756595 681 99 0 0 0 0 0 0 0 1 0 0 1
1314761798 682 99 0 0 0 0 0 0 0 1 0 0 1
1314934469 683 99 0 0 0 0 0 0 0 1 0 0 1
1315084616 684 99 0 0 0 0 0 0 0 1 0 0 1
1315414829 685 99 0 0 0 0 0 0 0 1 0 0 1
1315497951 686 99 0 0 0 0 0 0 0 1 0 0 1
1315841221 687 99 0 0 0 0 0 0 0 1 0 0 1
1315841786 688 99 0 0 0 0 0 0 0 1 0 0 1
1315847272 689 99 0 0 0 0 0 0 0 1 0 0 1
1315880834 690 99 0 0 0 0 0 0 0 1 0 0 1
1315881898 691 99 0 0 0 0 0 0 0 1 0 0 1
1315884183 692 99 0 0 0 0 0 0 0 1 0 0 1
1315928576 693 99 0 0 0 0 0 0 0 1 0 0 1
1315929509 694 99 0 0 0 0 0 0 0 1 0 0 1
1315931670 695 99 0 0 0 0 0 0 0 1 0 0 1
1316017193 696 99 0 0 0 0 0 0 0 1 0 0 1
1316019364 697 99 0 0 0 0 0 0 0 1 0 0 1
1316101651 698 99 0 0 0 0 0 0 0 1 0 0 1
1316104739 699 99 0 0 0 0 0 0 0 1 0 0 1
1316105939 700 99 0 0 0 0 0 0 0 1 0 0 1
1316301279 701 99 0 0 0 0 0 0 0 1 0 0 1
1316303686 702 99 0 0 0 0 0 0 0 1 0 0 1
1316400221 703 99 0 0 0 0 0 0 0 1 0 0 1
1316402337 704 99 0 0 0 0 0 0 0 1 0 0 1
1316402445 705 99 0 0 0 0 0 0 0 1 0 0 1
1316403415 706 99 0 0 0 0 0 0 0 1 0 0 1
1316404786 707 99 0 0 0 0 0 0 0 1 0 0 1
1316405709 708 99 0 0 0 0 0 0 0 1 0 0 1
1316406192 709 99 0 0 0 0 0 0 0 1 0 0 1
1316406659 710 99 0 0 0 0 0 0 0 1 0 0 1
1316407193 711 99 0 0 0 0 0 0 0 1 0 0 1
1316407401 712 99 0 0 0 0 0 0 0 1 0 0 1
1316442527 713 99 0 0 0 0 0 0 0 1 0 0 1
1316443947 714 99 0 0 0 0 0 0 0 1 0 0 1
1316445012 715 99 0 0 0 0 0 0 0 1 0 0 1
1316445351 716 99 0 0 0 0 0 0 0 1 0 0 1
1316446151 717 99 0 0 0 0 0 0 0 1 0 0 1
1316446631 718 99 0 0 0 0 0 0 0 1 0 0 1
1316446979 719 99 0 0 0 0 0 0 0 1 0 0 1
1316448931 720 99 0 0 0 0 0 0 0 1 0 0 1
1316451588 721 99 0 0 0 0 0 0 0 1 0 0 1
1316620872 722 99 0 0 0 0 0 0 0 1 0 0 1
1316622808 723 99 0 0 0 0 0 0 0 1 0 0 1
1316894079 724 99 0 0 0 0 0 0 0 1 0 0 1
1316894600 725 99 0 0 0 0 0 0 0 1 0 0 1
1316895294 726 99 0 0 0 0 0 0 0 1 0 0 1
1316900005 727 99 0 0 0 0 0 0 0 1 0 0 1
1316900615 728 99 0 0 0 0 0 0 0 1 0 0 1
1316903258 729 99 0 0 0 0 0 0 0 1 0 0 1
1316906062 730 99 0 0 0 0 0 0 0 1 0 0 1
1316907827 731 99 0 0 0 0 0 0 0 1 0 0 1
1316908586 732 99 0 0 0 0 0 0 0 1 0 0 1
1316910545 733 99 0 0 0 0 0 0 0 1 0 0 1
1316912005 734 99 0 0 0 0 0 0 0 1 0 0 1
1316986228 735 99 0 0 0 0 0 0 0 1 0 0 1
1317009144 736 99 0 0 0 0 0 0 0 1 0 0 1
1317046252 737 99 0 0 0 0 1 0 0 1 0 0 1
1317220303 738 99 0 0 0 0 1 0 0 1 0 0 1
1317229947 739 99 0 0 0 0 1 0 0 1 0 0 1
1317309640 740 99 0 0 0 0 1 0 0 1 0 0 1
1317310073 741 99 0 0 0 0 1 0 0 1 0 0 1
1317311077 742 99 0 0 0 0 1 0 0 1 0 0 1
1317312868 743 99 0 0 0 0 1 0 0 1 0 0 1
1317610601 744 99 0 0 0 0 1 0 0 1 0 0 1
1318004294 745 99 0 0 0 0 1 0 0 1 0 0 1
1318348025 746 99 0 0 0 0 1 0 0 1 0 0 1
1318349440 747 99 0 0 0 0 1 0 0 1 0 0 1
1318711423 748 99 0 0 0 0 1 0 0 1 0 0 1
1318712612 749 99 0 0 0 0 1 0 0 1 0 0 1
1318720697 750 99 0 0 0 0 1 0 0 1 0 0 1
1319691363 751 99 0 0 0 0 1 0 0 1 0 0 1
1322676835 752 99 0 0 0 0 1 0 0 1 0 0 1
1322678175 753 99 0 0 0 0 1 0 0 1 0 0 1
1322703478 753 99 0 0 0 0 1 1 0 1 0 0 1
1322753542 754 99 0 0 0 0 1 1 0 1 0 0 1
1323272179 755 99 0 0 0 0 1 1 0 1 0 0 1
1323276130 756 99 0 0 0 0 1 1 0 1 0 0 1
1323278249 757 99 0 0 0 0 1 1 0 1 0 0 1
1323279274 758 99 0 0 0 0 1 1 0 1 0 0 1
1323280583 759 99 0 0 0 0 1 1 0 1 0 0 1
1324247749 760 99 0 0 0 0 1 1 0 1 0 0 1
1324247890 761 99 0 0 0 0 1 1 0 1 0 0 1
1324656714 762 99 0 0 0 0 1 1 0 1 0 0 1
1325961514 763 99 0 0 0 0 1 1 0 1 0 0 1
1330480881 763 99 0 0 0 0 1 1 1 1 0 0 1
1330529700 764 99 0 0 0 0 1 1 1 1 0 0 1
1333638849 765 99 0 0 0 0 1 1 1 1 0 0 1
1334886630 766 99 0 0 0 0 1 1 1 1 0 0 1
1335492638 767 99 0 0 0 0 1 1 1 1 0 0 1
1335493098 768 99 0 0 0 0 1 1 1 1 0 0 1
1335493884 769 99 0 0 0 0 1 1 1 1 0 0 1
1335496873 770 99 0 0 0 0 1 1 1 1 0 0 1
1335544339 771 99 0 0 0 0 1 1 1 1 0 0 1
1335671344 772 99 0 0 0 0 1 1 1 1 0 0 1
1335727361 773 99 0 0 0 0 1 1 1 1 0 0 1
1335727416 774 99 0 0 0 0 1 1 1 1 0 0 1
1335967511 775 99 0 0 0 0 1 1 1 1 0 0 1
1338234145 776 99 0 0 0 0 1 1 1 1 0 0 1
1347840787 777 99 0 0 0 0 1 1 1 1 0 0 1
1350158069 778 99 0 0 0 0 1 1 1 1 0 0 1
1355158992 779 99 0 0 0 0 1 1 1 1 0 0 1
1355244206 780 99 0 0 0 0 1 1 1 1 0 0 1
1355282392 781 99 0 0 0 0 1 1 1 1 0 0 1
1355284360 782 99 0 0 0 0 1 1 1 1 0 0 1
1355284657 783 99 0 0 0 0 1 1 1 1 0 0 1
1355284962 784 99 0 0 0 0 1 1 1 1 0 0 1
1355285711 785 99 0 0 0 0 1 1 1 1 0 0 1
1355286151 786 99 0 0 0 0 1 1 1 1 0 0 1
1355286321 787 99 0 0 0 0 1 1 1 1 0 0 1
1355286431 788 99 0 0 0 0 1 1 1 1 0 0 1
1355331004 789 99 0 0 0 0 1 1 1 1 0 0 1
1355332499 790 99 0 0 0 0 1 1 1 1 0 0 1
1355332691 791 99 0 0 0 0 1 1 1 1 0 0 1
1355630150 792 99 0 0 0 0 1 1 1 1 0 0 1
1355630360 793 99 0 0 0 0 1 1 1 1 0 0 1
1355686332 794 99 0 0 0 0 1 1 1 1 0 0 1
1355693394 795 99 0 0 0 0 1 1 1 1 0 0 1
1355694556 796 99 0 0 0 0 1 1 1 1 0 0 1
1355695945 797 99 0 0 0 0 1 1 1 1 0 0 1
1355711535 798 99 0 0 0 0 1 1 1 1 0 0 1
1355712856 799 99 0 0 0 0 1 1 1 1 0 0 1
1355712991 800 99 0 0 0 0 1 1 1 1 0 0 1
1355713744 801 99 0 0 0 0 1 1 1 1 0 0 1
1355716009 802 99 0 0 0 0 1 1 1 1 0 0 1
1355716453 803 99 0 0 0 0 1 1 1 1 0 0 1
1355717164 804 99 0 0 0 0 1 1 1 1 0 0 1
1355717576 805 99 0 0 0 0 1 1 1 1 0 0 1
1355718446 806 99 0 0 0 0 1 1 1 1 0 0 1
1355846967 807 99 0 0 0 0 1 1 1 1 0 0 1
1355848157 808 99 0 0 0 0 1 1 1 1 0 0 1
1355849197 809 99 0 0 0 0 1 1 1 1 0 0 1
1355934183 810 99 0 0 0 0 1 1 1 1 0 0 1
1357077486 811 99 0 0 0 0 1 1 1 1 0 0 1
1357146597 812 99 0 0 0 0 1 1 1 1 0 0 1
1357181184 813 99 0 0 0 0 1 1 1 1 0 0 1
1357182267 814 99 0 0 0 0 1 1 1 1 0 0 1
1357183259 815 99 0 0 0 0 1 1 1 1 0 0 1
1357188344 816 99 0 0 0 0 1 1 1 1 0 0 1
1357235640 817 99 0 0 0 0 1 1 1 1 0 0 1
1357826531 817 99 0 0 0 0 1 1 1 1 0 1 1
1358063279 818 99 0 0 0 0 1 1 1 1 0 1 1
1358136039 819 99 0 0 0 0 1 1 1 1 0 1 1
1358137448 820 99 0 0 0 0 1 1 1 1 0 1 1
1358141253 821 99 0 0 0 0 1 1 1 1 0 1 1
1358231504 821 99 0 0 1 0 1 1 1 1 0 1 1
1358232746 821 99 0 0 2 0 1 1 1 1 0 1 1
1358574323 822 99 0 0 2 0 1 1 1 1 0 1 1
1358578563 823 99 0 0 2 0 1 1 1 1 0 1 1
1358578843 824 99 0 0 2 0 1 1 1 1 0 1 1
1358632073 825 99 0 0 2 0 1 1 1 1 0 1 1
1358632370 826 99 0 0 3 0 1 1 1 1 0 1 1
1369710719 827 99 0 0 3 0 1 1 1 1 0 1 1
1369711345 828 99 0 0 3 0 1 1 1 1 0 1 1
1369716055 829 99 0 0 3 0 1 1 1 1 0 1 1
1369716368 830 99 0 0 3 0 1 1 1 1 0 1 1
1369718394 831 99 0 0 3 0 1 1 1 1 0 1 1
1369758911 832 99 0 0 3 0 1 1 1 1 0 1 1
1369841337 833 99 0 0 3 0 1 1 1 1 0 1 1
1370014987 834 99 0 0 3 0 1 1 1 1 0 1 1
1370016003 835 99 0 0 3 0 1 1 1 1 0 1 1
1370016203 836 99 0 0 3 0 1 1 1 1 0 1 1
1370045075 837 99 0 0 3 0 1 1 1 1 0 1 1
1370046734 838 99 0 0 3 0 1 1 1 1 0 1 1
1370047885 839 99 0 0 3 0 1 1 1 1 0 1 1
1370048639 840 99 0 0 3 0 1 1 1 1 0 1 1
1370109710 841 99 0 0 3 0 1 1 1 1 0 1 1
1370132683 842 99 0 0 3 0 1 1 1 1 0 1 1
1370138680 843 99 0 0 3 0 1 1 1 1 0 1 1
1370138975 844 99 0 0 3 0 1 1 1 1 0 1 1
1370139421 845 99 0 0 3 0 1 1 1 1 0 1 1
1370139802 846 99 0 0 3 0 1 1 1 1 0 1 1
1370140267 847 99 0 0 3 0 1 1 1 1 0 1 1
1370140715 848 99 0 0 3 0 1 1 1 1 0 1 1
1370141116 849 99 0 0 3 0 1 1 1 1 0 1 1
1370141401 850 99 0 0 3 0 1 1 1 1 0 1 1
1370141601 851 99 0 0 3 0 1 1 1 1 0 1 1
1370141766 852 99 0 0 3 0 1 1 1 1 0 1 1
1370142241 853 99 0 0 3 0 1 1 1 1 0 1 1
1370231805 854 99 0 0 3 0 1 1 1 1 0 1 1
1371224363 855 99 0 0 3 0 1 1 1 1 0 1 1
1371225835 856 99 0 0 3 0 1 1 1 1 0 1 1
1377793275 857 99 0 0 3 0 1 1 1 1 0 1 1
1378144006 858 99 0 0 3 0 1 1 1 1 0 1 1
1378146558 859 99 0 0 3 0 1 1 1 1 0 1 1
1378147237 860 99 0 0 3 0 1 1 1 1 0 1 1
1378147430 861 99 0 0 3 0 1 1 1 1 0 1 1
1378153419 862 99 0 0 3 0 1 1 1 1 0 1 1
1378674410 863 99 0 0 3 0 1 1 1 1 0 1 1
1378674988 864 99 0 0 3 0 1 1 1 1 0 1 1
1378675304 865 99 0 0 3 0 1 1 1 1 0 1 1
1378675672 866 99 0 0 3 0 1 1 1 1 0 1 1
1378675722 867 99 0 0 3 0 1 1 1 1 0 1 1
1378675922 868 99 0 0 3 0 1 1 1 1 0 1 1
1378676578 869 99 0 0 3 0 1 1 1 1 0 1 1
1378679197 870 99 0 0 3 0 1 1 1 1 0 1 1
1378679795 871 99 0 0 3 0 1 1 1 1 0 1 1
1378682022 872 99 0 0 3 0 1 1 1 1 0 1 1
1378682142 873 99 0 0 3 0 1 1 1 1 0 1 1
1378682353 874 99 0 0 3 0 1 1 1 1 0 1 1
1378682591 875 99 0 0 3 0 1 1 1 1 0 1 1
1378682842 876 99 0 0 3 0 1 1 1 1 0 1 1
1378683341 877 99 0 0 3 0 1 1 1 1 0 1 1
1378683844 878 99 0 0 3 0 1 1 1 1 0 1 1
1378705034 879 99 0 0 3 0 1 1 1 1 0 1 1
1378710169 880 99 0 0 3 0 1 1 1 1 0 1 1
1378759573 881 99 0 0 3 0 1 1 1 1 0 1 1
1378771147 882 99 0 0 3 0 1 1 1 1 0 1 1
1379001388 883 99 0 0 3 0 1 1 1 1 0 1 1
1379189757 884 99 0 0 3 0 1 1 1 1 0 1 1
1379204888 885 99 0 0 3 0 1 1 1 1 0 1 1
1379216592 886 99 0 0 3 0 1 1 1 1 0 1 1
1379269372 887 99 0 0 3 0 1 1 1 1 0 1 1
1379270892 888 99 0 0 3 0 1 1 1 1 0 1 1
1379272510 889 99 0 0 3 0 1 1 1 1 0 1 1
1379273238 890 99 0 0 3 0 1 1 1 1 0 1 1
1379273458 891 99 0 0 3 0 1 1 1 1 0 1 1
1379283960 892 99 0 0 3 0 1 1 1 1 0 1 1
1379284064 893 99 0 0 3 0 1 1 1 1 0 1 1
1379368308 894 99 0 0 3 0 1 1 1 1 0 1 1
1379368944 895 99 0 0 3 0 1 1 1 1 0 1 1
1379377469 896 99 0 0 3 0 1 1 1 1 0 1 1
1379378148 897 99 0 0 3 0 1 1 1 1 0 1 1
1379808419 898 99 0 0 3 0 1 1 1 1 0 1 1
1379809366 899 99 0 0 3 0 1 1 1 1 0 1 1
1379810906 900 99 0 0 3 0 1 1 1 1 0 1 1
1379811233 901 99 0 0 3 0 1 1 1 1 0 1 1
1379811850 902 99 0 0 3 0 1 1 1 1 0 1 1
1379920207 903 99 0 0 3 0 1 1 1 1 0 1 1
1379963198 904 99 0 0 3 0 1 1 1 1 0 1 1
1379964848 905 99 0 0 3 0 1 1 1 1 0 1 1
1379967353 906 99 0 0 3 0 1 1 1 1 0 1 1
1379973918 907 99 0 0 3 0 1 1 1 1 0 1 1
1382119425 908 99 0 0 3 0 1 1 1 1 0 1 1
1382119752 909 99 0 0 3 0 1 1 1 1 0 1 1
1382120026 910 99 0 0 3 0 1 1 1 1 0 1 1
1382120384 911 99 0 0 3 0 1 1 1 1 0 1 1
1382120583 912 99 0 0 3 0 1 1 1 1 0 1 1
1382122545 913 99 0 0 3 0 1 1 1 1 0 1 1
1382122680 914 99 0 0 3 0 1 1 1 1 0 1 1
1382123915 915 99 0 0 3 0 1 1 1 1 0 1 1
1382129526 916 99 0 0 3 0 1 1 1 1 0 1 1
1382130713 917 99 0 0 3 0 1 1 1 1 0 1 1
1382131740 918 99 0 0 3 0 1 1 1 1 0 1 1
1382321278 919 99 0 0 3 0 1 1 1 1 0 1 1
1382321562 920 99 0 0 3 0 1 1 1 1 0 1 1
1382322286 921 99 0 0 3 0 1 1 1 1 0 1 1
1382323694 922 99 0 0 3 0 1 1 1 1 0 1 1
1382982178 923 99 0 0 3 0 1 1 1 1 0 1 1
1382985067 924 99 0 0 3 0 1 1 1 1 0 1 1
1382985932 925 99 0 0 3 0 1 1 1 1 0 1 1
1382986219 926 99 0 0 3 0 1 1 1 1 0 1 1
1382987649 927 99 0 0 3 0 1 1 1 1 0 1 1
1382988189 928 99 0 0 3 0 1 1 1 1 0 1 1
1382988641 929 99 0 0 3 0 1 1 1 1 0 1 1
1382991959 930 99 0 0 3 0 1 1 1 1 0 1 1
1383014513 931 99 0 0 3 0 1 1 1 1 0 1 1
1383017980 932 99 0 0 3 0 1 1 1 1 0 1 1
1383148581 933 99 0 0 3 0 1 1 1 1 0 1 1
1383149310 934 99 0 0 3 0 1 1 1 1 0 1 1
1383149913 935 99 0 0 3 0 1 1 1 1 0 1 1
1387156878 936 99 0 0 3 0 1 1 1 1 0 1 1
1387158551 937 99 0 0 3 0 1 1 1 1 0 1 1
1387160938 938 99 0 0 3 0 1 1 1 1 0 1 1
1387564199 939 99 0 0 3 0 1 1 1 1 0 1 1
1387672692 940 99 0 0 3 0 1 1 1 1 0 1 1
1387672980 941 99 0 0 3 0 1 1 1 1 0 1 1
1387673261 942 99 0 0 3 0 1 1 1 1 0 1 1
1387673944 943 99 0 0 3 0 1 1 1 1 0 1 1
1387676030 944 99 0 0 3 0 1 1 1 1 0 1 1
1387676812 945 99 0 0 3 0 1 1 1 1 0 1 1
1387678963 946 99 0 0 3 0 1 1 1 1 0 1 1
1387753955 947 99 0 0 3 0 1 1 1 1 0 1 1
1387755461 948 99 0 0 3 0 1 1 1 1 0 1 1
1387997844 949 99 0 0 3 0 1 1 1 1 0 1 1
1388026694 950 99 0 0 3 0 1 1 1 1 0 1 1
1388080430 951 99 0 0 3 0 1 1 1 1 0 1 1
1388165495 952 99 0 0 3 0 1 1 1 1 0 1 1
1388167490 953 99 0 0 3 0 1 1 1 1 0 1 1
1388211197 954 99 0 0 3 0 1 1 1 1 0 1 1
1388257865 955 99 0 0 3 0 1 1 1 1 0 1 1
1388259245 956 99 0 0 3 0 1 1 1 1 0 1 1
1388294386 957 99 0 0 3 0 1 1 1 1 0 1 1
1388350228 958 99 0 0 3 0 1 1 1 1 0 1 1
1388354905 959 99 0 0 3 0 1 1 1 1 0 1 1
1388510815 960 99 0 0 3 0 1 1 1 1 0 1 1
1388512157 961 99 0 0 3 0 1 1 1 1 0 1 1
1388512234 962 99 0 0 3 0 1 1 1 1 0 1 1
1388610500 963 99 0 0 3 0 1 1 1 1 0 1 1
1388610928 964 99 0 0 3 0 1 1 1 1 0 1 1
1388680155 965 99 0 0 3 0 1 1 1 1 0 1 1
1388680981 966 99 0 0 3 0 1 1 1 1 0 1 1
1388682274 967 99 0 0 3 0 1 1 1 1 0 1 1
1388961508 968 99 0 0 3 0 1 1 1 1 0 1 1
1388963367 969 99 0 0 3 0 1 1 1 1 0 1 1
1388967320 970 99 0 0 3 0 1 1 1 1 0 1 1
1388973317 971 99 0 0 3 0 1 1 1 1 0 1 1
1388988053 972 99 0 0 3 0 1 1 1 1 0 1 1
1389055582 973 99 0 0 3 0 1 1 1 1 0 1 1
1389115083 974 99 0 0 3 0 1 1 1 1 0 1 1
1389200287 975 99 0 0 3 0 1 1 1 1 0 1 1
1389286297 976 99 0 0 3 0 1 1 1 1 0 1 1
1389287363 977 99 0 0 3 0 1 1 1 1 0 1 1
1389488777 978 99 0 0 3 0 1 1 1 1 0 1 1
1389502265 979 99 0 0 3 0 1 1 1 1 0 1 1
1390091673 980 99 0 0 3 0 1 1 1 1 0 1 1
1390109384 981 99 0 0 3 0 1 1 1 1 0 1 1
1390109690 982 99 0 0 3 0 1 1 1 1 0 1 1
1390687165 983 99 0 0 3 0 1 1 1 1 0 1 1
1390771466 984 99 0 0 3 0 1 1 1 1 0 1 1
1390791264 985 99 0 0 3 0 1 1 1 1 0 1 1
1390793066 986 99 0 0 3 0 1 1 1 1 0 1 1
1390793533 987 99 0 0 3 0 1 1 1 1 0 1 1
1390794150 988 99 0 0 3 0 1 1 1 1 0 1 1
1390794548 989 99 0 0 3 0 1 1 1 1 0 1 1
1390880328 990 99 0 0 3 0 1 1 1 1 0 1 1
1390884341 991 99 0 0 3 0 1 1 1 1 0 1 1
1392312530 992 99 0 0 3 0 1 1 1 1 0 1 1
1392502133 993 99 0 0 3 0 1 1 1 1 0 1 1
1392553522 994 99 0 0 3 0 1 1 1 1 0 1 1
1394319841 995 99 0 0 3 0 1 1 1 1 0 1 1
1394322851 996 99 0 0 3 0 1 1 1 1 0 1 1
1394637074 997 99 0 0 3 0 1 1 1 1 0 1 1
1397146427 998 99 0 0 3 0 1 1 1 1 0 1 1
1402179919 998 99 0 0 3 0 1 1 1 1 1 1 1
1402880717 999 99 0 0 3 0 1 1 1 1 1 1 1
1403379539 1000 99 0 0 3 0 1 1 1 1 1 1 1
1403380575 1001 99 0 0 3 0 1 1 1 1 1 1 1
1403381268 1002 99 0 0 3 0 1 1 1 1 1 1 1
1403382814 1003 99 0 0 3 0 1 1 1 1 1 1 1
1403384905 1004 99 0 0 3 0 1 1 1 1 1 1 1
1403386379 1005 99 0 0 3 0 1 1 1 1 1 1 1
1403478145 1006 99 0 0 3 0 1 1 1 1 1 1 1
1403489113 1007 99 0 0 3 0 1 1 1 1 1 1 1
1403982578 1008 99 0 0 3 0 1 1 1 1 1 1 1
1403985745 1009 99 0 0 3 0 1 1 1 1 1 1 1
1403986693 1010 99 0 0 3 0 1 1 1 1 1 1 1
1404076459 1011 99 0 0 3 0 1 1 1 1 1 1 1
1404080030 1012 99 0 0 3 0 1 1 1 1 1 1 1
1404086872 1013 99 0 0 3 0 1 1 1 1 1 1 1
1404111048 1014 99 0 0 3 0 1 1 1 1 1 1 1
1405219748 1015 99 0 0 3 0 1 1 1 1 1 1 1
1405220645 1016 99 0 0 3 0 1 1 1 1 1 1 1
1405225669 1017 99 0 0 3 0 1 1 1 1 1 1 1
1405290015 1018 99 0 0 3 0 1 1 1 1 1 1 1
1405290668 1019 99 0 0 3 0 1 1 1 1 1 1 1
1405293664 1020 99 0 0 3 0 1 1 1 1 1 1 1
1405294283 1021 99 0 0 3 0 1 1 1 1 1 1 1
1409156479 1022 99 0 0 3 0 1 1 1 1 1 1 1
1409450468 1023 99 0 0 3 0 1 1 1 1 1 1 1
1409515068 1024 99 0 0 3 0 1 1 1 1 1 1 1
1409521515 1025 99 0 0 3 0 1 1 1 1 1 1 1
1409530350 1026 99 0 0 3 0 1 1 1 1 1 1 1
1409607795 1027 99 0 0 3 0 1 1 1 1 1 1 1
1409611559 1028 99 0 0 3 0 1 1 1 1 1 1 1
1409615966 1029 99 0 0 3 0 1 1 1 1 1 1 1
1409616301 1030 99 0 0 3 0 1 1 1 1 1 1 1
1409617460 1031 99 0 0 3 0 1 1 1 1 1 1 1
1409617918 1032 99 0 0 3 0 1 1 1 1 1 1 1
1409629307 1033 99 0 0 3 0 1 1 1 1 1 1 1
1409629987 1034 99 0 0 3 0 1 1 1 1 1 1 1
1409630221 1035 99 0 0 3 0 1 1 1 1 1 1 1
1410124875 1036 99 0 0 3 0 1 1 1 1 1 1 1
1410124945 1037 99 0 0 3 0 1 1 1 1 1 1 1
1410127595 1038 99 0 0 3 0 1 1 1 1 1 1 1
1410129240 1039 99 0 0 3 0 1 1 1 1 1 1 1
1410160486 1040 99 0 0 3 0 1 1 1 1 1 1 1
1410228081 1046 99 0 0 3 0 1 1 1 1 1 1 1
1410228411 1047 99 0 0 3 0 1 1 1 1 1 1 1
1410230031 1048 99 0 0 3 0 1 1 1 1 1 1 1
1410362804 1049 99 0 0 3 0 1 1 1 1 1 1 1
1410366958 1050 99 0 0 3 0 1 1 1 1 1 1 1
1410643659 1051 99 0 0 3 0 1 1 1 1 1 1 1
1410654112 1052 99 0 0 3 0 1 1 1 1 1 1 1
1410654243 1053 99 0 0 3 0 1 1 1 1 1 1 1
1410732612 1054 99 0 0 3 0 1 1 1 1 1 1 1
1410800764 1055 99 0 0 3 0 1 1 1 1 1 1 1
1410881661 1056 99 0 0 3 0 1 1 1 1 1 1 1
1410882436 1057 99 0 0 3 0 1 1 1 1 1 1 1
1410885058 1058 99 0 0 3 0 1 1 1 1 1 1 1
1410886236 1059 99 0 0 3 0 1 1 1 1 1 1 1
1410974268 1060 99 0 0 3 0 1 1 1 1 1 1 1
1411060084 1061 99 0 0 3 0 1 1 1 1 1 1 1
1411244101 1062 99 0 0 3 0 1 1 1 1 1 1 1
1411263920 1063 99 0 0 3 0 1 1 1 1 1 1 1
1411326492 1064 99 0 0 3 0 1 1 1 1 1 1 1
1411326618 1065 99 0 0 3 0 1 1 1 1 1 1 1
1411328325 1066 99 0 0 3 0 1 1 1 1 1 1 1
1411328773 1067 99 0 0 3 0 1 1 1 1 1 1 1
1412462961 1068 99 0 0 3 0 1 1 1 1 1 1 1
1412540523 1069 99 0 0 3 0 1 1 1 1 1 1 1
1412552245 1070 99 0 0 3 0 1 1 1 1 1 1 1
1412700711 1071 99 0 0 3 0 1 1 1 1 1 1 1
1413152441 1072 99 0 0 3 0 1 1 1 1 1 1 1
1413153437 1073 99 0 0 3 0 1 1 1 1 1 1 1
1413157378 1074 99 0 0 3 0 1 1 1 1 1 1 1
1413168197 1075 99 0 0 3 0 1 1 1 1 1 1 1
1413666873 1076 99 0 0 3 0 1 1 1 1 1 1 1
1413668073 1077 99 0 0 3 0 1 1 1 1 1 1 1
1413682058 1078 99 0 0 3 0 1 1 1 1 1 1 1
1413751693 1079 99 0 0 3 0 1 1 1 1 1 1 1
1413754382 1080 99 0 0 3 0 1 1 1 1 1 1 1
1413759042 1081 99 0 0 3 0 1 1 1 1 1 1 1
1413760247 1082 99 0 0 3 0 1 1 1 1 1 1 1
1413900590 1083 99 0 0 3 0 1 1 1 1 1 1 1
1413900848 1084 99 0 0 3 0 1 1 1 1 1 1 1
1413900987 1085 99 0 0 3 0 1 1 1 1 1 1 1
1413902620 1086 99 0 0 3 0 1 1 1 1 1 1 1
1413902841 1087 99 0 0 3 0 1 1 1 1 1 1 1
1413905040 1088 99 0 0 3 0 1 1 1 1 1 1 1
1413905374 1089 99 0 0 3 0 1 1 1 1 1 1 1
1414355973 1090 99 0 0 3 0 1 1 1 1 1 1 1
1414356585 1091 99 0 0 3 0 1 1 1 1 1 1 1
1414357243 1092 99 0 0 3 0 1 1 1 1 1 1 1
1414358279 1093 99 0 0 3 0 1 1 1 1 1 1 1
1414359417 1094 99 0 0 3 0 1 1 1 1 1 1 1
1414359894 1095 99 0 0 3 0 1 1 1 1 1 1 1
1414361404 1096 99 0 0 3 0 1 1 1 1 1 1 1
1414425021 1097 99 0 0 3 0 1 1 1 1 1 1 1
1415585962 1098 99 0 0 3 0 1 1 1 1 1 1 1
1416085745 1099 99 0 0 3 0 1 1 1 1 1 1 1
1416099868 1100 99 0 0 3 0 1 1 1 1 1 1 1
1416101357 1101 99 0 0 3 0 1 1 1 1 1 1 1
1416164352 1102 99 0 0 3 0 1 1 1 1 1 1 1
1416164610 1103 99 0 0 3 0 1 1 1 1 1 1 1
1416169547 1104 99 0 0 3 0 1 1 1 1 1 1 1
1416178830 1105 99 0 0 3 0 1 1 1 1 1 1 1
1416181299 1106 99 0 0 3 0 1 1 1 1 1 1 1
1416695714 1107 99 0 0 3 0 1 1 1 1 1 1 1
1424572380 1108 99 0 0 3 0 1 1 1 1 1 1 1
1426378068 1109 99 0 0 3 0 1 1 1 1 1 1 1
1426380057 1110 99 0 0 3 0 1 1 1 1 1 1 1
1426389550 1111 99 0 0 3 0 1 1 1 1 1 1 1
1426390417 1112 99 0 0 3 0 1 1 1 1 1 1 1
1426456778 1113 99 0 0 3 0 1 1 1 1 1 1 1
1426457811 1114 99 0 0 3 0 1 1 1 1 1 1 1
1426458904 1115 99 0 0 3 0 1 1 1 1 1 1 1
1426459064 1116 99 0 0 3 0 1 1 1 1 1 1 1
1426695332 1117 99 0 0 3 0 1 1 1 1 1 1 1
1426698320 1118 99 0 0 3 0 1 1 1 1 1 1 1
1426869266 1119 99 0 0 3 0 1 1 1 1 1 1 1
1427646246 1120 99 0 0 3 0 1 1 1 1 1 1 1
1427696268 1121 99 0 0 3 0 1 1 1 1 1 1 1
1428594070 1122 99 0 0 3 0 1 1 1 1 1 1 1
1428599710 1125 99 0 0 3 0 1 1 1 1 1 1 1
1428683007 1126 99 0 0 3 0 1 1 1 1 1 1 1
1428793168 1127 99 0 0 3 0 1 1 1 1 1 1 1
1428794596 1128 99 0 0 3 0 1 1 1 1 1 1 1
1428794769 1129 99 0 0 3 0 1 1 1 1 1 1 1
1428871761 1130 99 0 0 3 0 1 1 1 1 1 1 1
1428874675 1131 99 0 0 3 0 1 1 1 1 1 1 1
1428874728 1132 99 0 0 3 0 1 1 1 1 1 1 1
1428874789 1133 99 0 0 3 0 1 1 1 1 1 1 1
1428877341 1134 99 0 0 3 0 1 1 1 1 1 1 1
1428877754 1135 99 0 0 3 0 1 1 1 1 1 1 1
1429117411 1136 99 0 0 3 0 1 1 1 1 1 1 1
1429197407 1137 99 0 0 3 0 1 1 1 1 1 1 1
1429471588 1138 99 0 0 3 0 1 1 1 1 1 1 1
1429632097 1139 99 0 0 3 0 1 1 1 1 1 1 1
1430073516 1140 99 0 0 3 0 1 1 1 1 1 1 1
1430110901 1141 99 0 0 3 0 1 1 1 1 1 1 1
1430112075 1142 99 0 0 3 0 1 1 1 1 1 1 1
1430150862 1143 99 0 0 3 0 1 1 1 1 1 1 1
1430151452 1144 99 0 0 3 0 1 1 1 1 1 1 1
1430152176 1145 99 0 0 3 0 1 1 1 1 1 1 1
1430239791 1146 99 0 0 3 0 1 1 1 1 1 1 1
1430322869 1147 99 0 0 3 0 1 1 1 1 1 1 1
1430326574 1148 99 0 0 3 0 1 1 1 1 1 1 1
1430407744 1149 99 0 0 3 0 1 1 1 1 1 1 1
1430496871 1150 99 0 0 3 0 1 1 1 1 1 1 1
1430599719 1151 99 0 0 3 0 1 1 1 1 1 1 1
1430600204 1152 99 0 0 3 0 1 1 1 1 1 1 1
1430668019 1153 99 0 0 3 0 1 1 1 1 1 1 1
1430674482 1154 99 0 0 3 0 1 1 1 1 1 1 1
1430771338 1155 99 0 0 3 0 1 1 1 1 1 1 1
1430797156 1156 99 0 0 3 0 1 1 1 1 1 1 1
1430800319 1157 99 0 0 3 0 1 1 1 1 1 1 1
1430800501 1158 99 0 0 3 0 1 1 1 1 1 1 1
1430804138 1159 99 0 0 3 0 1 1 1 1 1 1 1
1430804203 1160 99 0 0 3 0 1 1 1 1 1 1 1
1430842019 1161 99 0 0 3 0 1 1 1 1 1 1 1
1430844754 1162 99 0 0 3 0 1 1 1 1 1 1 1
1431706095 1163 99 0 0 3 0 1 1 1 1 1 1 1
1431896827 1164 99 0 0 3 0 1 1 1 1 1 1 1
1432312747 1165 99 0 0 3 0 1 1 1 1 1 1 1
1433519469 1166 99 0 0 3 0 1 1 1 1 1 1 1
1433620516 1167 99 0 0 3 0 1 1 1 1 1 1 1
1433709598 1168 99 0 0 3 0 1 1 1 1 1 1 1
1433863425 1169 99 0 0 3 0 1 1 1 1 1 1 1
1433863643 1170 99 0 0 3 0 1 1 1 1 1 1 1
1433867708 1171 99 0 0 3 0 1 1 1 1 1 1 1
1433868018 1172 99 0 0 3 0 1 1 1 1 1 1 1
1434036631 1173 99 0 0 3 0 1 1 1 1 1 1 1
1434041511 1176 99 0 0 3 0 1 1 1 1 1 1 1
1434828290 1177 99 0 0 3 0 1 1 1 1 1 1 1
1434910393 1178 99 0 0 3 0 1 1 1 1 1 1 1
1434911282 1179 99 0 0 3 0 1 1 1 1 1 1 1
1435433460 1180 99 0 0 3 0 1 1 1 1 1 1 1
1435437680 1181 99 0 0 3 0 1 1 1 1 1 1 1
1435439927 1182 99 0 0 3 0 1 1 1 1 1 1 1
1435446299 1183 99 0 0 3 0 1 1 1 1 1 1 1
1435856233 1184 99 0 0 3 0 1 1 1 1 1 1 1
1436040652 1185 99 0 0 3 0 1 1 1 1 1 1 1
1436048948 1186 99 0 0 3 0 1 1 1 1 1 1 1
1436134230 1187 99 0 0 3 0 1 1 1 1 1 1 1
1436197048 1188 99 0 0 3 0 1 1 1 1 1 1 1
1436202101 1189 99 0 0 3 0 1 1 1 1 1 1 1
1436283622 1190 99 0 0 3 0 1 1 1 1 1 1 1
1436286377 1191 99 0 0 3 0 1 1 1 1 1 1 1
1436287992 1192 99 0 0 3 0 1 1 1 1 1 1 1
1436545767 1193 99 0 0 3 0 1 1 1 1 1 1 1
1436546052 1194 99 0 0 3 0 1 1 1 1 1 1 1
1436636045 1195 99 0 0 3 0 1 1 1 1 1 1 1
1436650436 1196 99 0 0 3 0 1 1 1 1 1 1 1
1436727928 1197 99 0 0 3 0 1 1 1 1 1 1 1
1436730044 1198 99 0 0 3 0 1 1 1 1 1 1 1
1436733769 1199 99 0 0 3 0 1 1 1 1 1 1 1
1436737581 1200 99 0 0 3 0 1 1 1 1 1 1 1
1436803960 1201 99 0 0 3 0 1 1 1 1 1 1 1
1436978988 1202 99 0 0 3 0 1 1 1 1 1 1 1
1437061508 1203 99 0 0 3 0 1 1 1 1 1 1 1
1437146855 1204 99 0 0 3 0 1 1 1 1 1 1 1
1437148657 1205 99 0 0 3 0 1 1 1 1 1 1 1
1437149007 1206 99 0 0 3 0 1 1 1 1 1 1 1
1437854017 1207 99 0 0 3 0 1 1 1 1 1 1 1
1437856391 1208 99 0 0 3 0 1 1 1 1 1 1 1
1437856839 1209 99 0 0 3 0 1 1 1 1 1 1 1
1437861123 1210 99 0 0 3 0 1 1 1 1 1 1 1
1437873112 1211 99 0 0 3 0 1 1 1 1 1 1 1
1437878217 1212 99 0 0 3 0 1 1 1 1 1 1 1
1437878755 1213 99 0 0 3 0 1 1 1 1 1 1 1
1437880102 1214 99 0 0 3 0 1 1 1 1 1 1 1
1437934482 1215 99 0 0 3 0 1 1 1 1 1 1 1
1437938071 1216 99 0 0 3 0 1 1 1 1 1 1 1
1438014939 1217 99 0 0 3 0 1 1 1 1 1 1 1
1438015928 1218 99 0 0 3 0 1 1 1 1 1 1 1
1438016628 1219 99 0 0 3 0 1 1 1 1 1 1 1
1438190240 1220 99 0 0 3 0 1 1 1 1 1 1 1
1438269007 1221 99 0 0 3 0 1 1 1 1 1 1 1
1438271769 1222 99 0 0 3 0 1 1 1 1 1 1 1
1438461432 1223 99 0 0 3 0 1 1 1 1 1 1 1
1438462445 1224 99 0 0 3 0 1 1 1 1 1 1 1
1438463298 1225 99 0 0 3 0 1 1 1 1 1 1 1
1438473087 1226 99 0 0 3 0 1 1 1 1 1 1 1
1438474252 1227 99 0 0 3 0 1 1 1 1 1 1 1
1438475995 1228 99 0 0 3 0 1 1 1 1 1 1 1
1438477055 1229 99 0 0 3 0 1 1 1 1 1 1 1
1438478261 1230 99 0 0 3 0 1 1 1 1 1 1 1
1439078671 1231 99 0 0 3 0 1 1 1 1 1 1 1
1440883468 1232 99 0 0 3 0 1 1 1 1 1 1 1
1440883632 1233 99 0 0 3 0 1 1 1 1 1 1 1
1440883768 1234 99 0 0 3 0 1 1 1 1 1 1 1
1440884166 1235 99 0 0 3 0 1 1 1 1 1 1 1
1440884397 1236 99 0 0 3 0 1 1 1 1 1 1 1
1440956350 1237 99 0 0 3 0 1 1 1 1 1 1 1
1440957022 1238 99 0 0 3 0 1 1 1 1 1 1 1
1440958156 1239 99 0 0 3 0 1 1 1 1 1 1 1
1440962096 1240 99 0 0 3 0 1 1 1 1 1 1 1
1441035079 1241 99 0 0 3 0 1 1 1 1 1 1 1
1441035280 1242 99 0 0 3 0 1 1 1 1 1 1 1
1441035871 1243 99 0 0 3 0 1 1 1 1 1 1 1
1441040377 1244 99 0 0 3 0 1 1 1 1 1 1 1
1441040678 1245 99 0 0 3 0 1 1 1 1 1 1 1
1441040931 1246 99 0 0 3 0 1 1 1 1 1 1 1
1441041723 1247 99 0 0 3 0 1 1 1 1 1 1 1
1441123811 1248 99 0 0 3 0 1 1 1 1 1 1 1
1441213448 1249 99 0 0 3 0 1 1 1 1 1 1 1
1441291429 1250 99 0 0 3 0 1 1 1 1 1 1 1
1441292016 1251 99 0 0 3 0 1 1 1 1 1 1 1
1441471940 1252 99 0 0 3 0 1 1 1 1 1 1 1
1441489260 1253 99 0 0 3 0 1 1 1 1 1 1 1
1441490457 1254 99 0 0 3 0 1 1 1 1 1 1 1
1441491569 1255 99 0 0 3 0 1 1 1 1 1 1 1
1441566570 1256 99 0 0 3 0 1 1 1 1 1 1 1
1441661647 1257 99 0 0 3 0 1 1 1 1 1 1 1
1441662879 1258 99 0 0 3 0 1 1 1 1 1 1 1
1441730286 1259 99 0 0 3 0 1 1 1 1 1 1 1
1441730781 1260 99 0 0 3 0 1 1 1 1 1 1 1
1442075752 1261 99 0 0 3 0 1 1 1 1 1 1 1
1442076632 1262 99 0 0 3 0 1 1 1 1 1 1 1
1442077698 1263 99 0 0 3 0 1 1 1 1 1 1 1
1442332863 1264 99 0 0 3 0 1 1 1 1 1 1 1
1442333883 1265 99 0 0 3 0 1 1 1 1 1 1 1
1442334804 1266 99 0 0 3 0 1 1 1 1 1 1 1
1442335499 1267 99 0 0 3 0 1 1 1 1 1 1 1
1442506332 1268 99 0 0 3 0 1 1 1 1 1 1 1
1442506481 1269 99 0 0 3 0 1 1 1 1 1 1 1
1442508333 1270 99 0 0 3 0 1 1 1 1 1 1 1
1442595667 1271 99 0 0 3 0 1 1 1 1 1 1 1
1442694669 1272 99 0 0 3 0 1 1 1 1 1 1 1
1442694993 1273 99 0 0 3 0 1 1 1 1 1 1 1
1442695902 1274 99 0 0 3 0 1 1 1 1 1 1 1
1442696920 1275 99 0 0 3 0 1 1 1 1 1 1 1
1442697424 1276 99 0 0 3 0 1 1 1 1 1 1 1
1442699640 1277 99 0 0 3 0 1 1 1 1 1 1 1
1442775278 1278 99 0 0 3 0 1 1 1 1 1 1 1
1442777751 1279 99 0 0 3 0 1 1 1 1 1 1 1
1442779985 1280 99 0 0 3 0 1 1 1 1 1 1 1
1442941634 1281 99 0 0 3 0 1 1 1 1 1 1 1
1442941828 1282 99 0 0 3 0 1 1 1 1 1 1 1
1443205568 1283 99 0 0 3 0 1 1 1 1 1 1 1
1443215580 1284 99 0 0 3 0 1 1 1 1 1 1 1
1443217482 1285 99 0 0 3 0 1 1 1 1 1 1 1
1443252573 1286 99 0 0 3 0 1 1 1 1 1 1 1
1443252687 1287 99 0 0 3 0 1 1 1 1 1 1 1
1443349981 1288 99 0 0 3 0 1 1 1 1 1 1 1
1443471315 1289 99 0 0 3 0 1 1 1 1 1 1 1
1443471676 1290 99 0 0 3 0 1 1 1 1 1 1 1
1443624869 1291 99 0 0 3 0 1 1 1 1 1 1 1
1445357403 1292 99 0 0 3 0 1 1 1 1 1 1 1
1445358663 1293 99 0 0 3 0 1 1 1 1 1 1 1
1445360633 1294 99 0 0 3 0 1 1 1 1 1 1 1
1445703434 1295 99 0 0 3 0 1 1 1 1 1 1 1
1445805981 1296 99 0 0 3 0 1 1 1 1 1 1 1
1447265144 1297 99 0 0 3 0 1 1 1 1 1 1 1
1447265657 1298 99 0 0 3 0 1 1 1 1 1 1 1
1449355906 1299 99 0 0 3 0 1 1 1 1 1 1 1
1449356449 1300 99 0 0 3 0 1 1 1 1 1 1 1
1449435532 1301 99 0 0 3 0 1 1 1 1 1 1 1
1449595141 1302 99 0 0 3 0 1 1 1 1 1 1 1
1449962410 1303 99 0 0 3 0 1 1 1 1 1 1 1
1450115473 1304 99 0 0 3 0 1 1 1 1 1 1 1
1450806316 1305 99 0 0 3 0 1 1 1 1 1 1 1
1450977753 1306 99 0 0 3 0 1 1 1 1 1 1 1
1451694716 1307 99 0 0 3 0 1 1 1 1 1 1 1
1451697037 1308 99 0 0 3 0 1 1 1 1 1 1 1
1451699680 1309 99 0 0 3 0 1 1 1 1 1 1 1
1451778744 1310 99 0 0 3 0 1 1 1 1 1 1 1
1451781089 1311 99 0 0 3 0 1 1 1 1 1 1 1
1451783146 1312 99 0 0 3 0 1 1 1 1 1 1 1
1451793793 1313 99 0 0 3 0 1 1 1 1 1 1 1
1451853162 1314 99 0 0 3 0 1 1 1 1 1 1 1
1451854446 1315 99 0 0 3 0 1 1 1 1 1 1 1
1451865430 1316 99 0 0 3 0 1 1 1 1 1 1 1
1451867770 1317 99 0 0 3 0 1 1 1 1 1 1 1
1451871227 1318 99 0 0 3 0 1 1 1 1 1 1 1
1451928934 1319 99 0 0 3 0 1 1 1 1 1 1 1
1451929520 1320 99 0 0 3 0 1 1 1 1 1 1 1
1453224106 1321 99 0 0 3 0 1 1 1 1 1 1 1
1453483418 1322 99 0 0 3 0 1 1 1 1 1 1 1
1454207088 1323 99 0 0 3 0 1 1 1 1 1 1 1
1454208329 1324 99 0 0 3 0 1 1 1 1 1 1 1
1454269945 1325 99 0 0 3 0 1 1 1 1 1 1 1
1454271346 1326 99 0 0 3 0 1 1 1 1 1 1 1
1454275075 1327 99 0 0 3 0 1 1 1 1 1 1 1
1454279138 1328 99 0 0 3 0 1 1 1 1 1 1 1
1454299720 1335 99 0 0 3 0 1 1 1 1 1 1 1
1454781836 1336 99 0 0 3 0 1 1 1 1 1 1 1
1454782551 1337 99 0 0 3 0 1 1 1 1 1 1 1
1454790979 1338 99 0 0 3 0 1 1 1 1 1 1 1
1454791305 1339 99 0 0 3 0 1 1 1 1 1 1 1
1454792476 1340 99 0 0 3 0 1 1 1 1 1 1 1
1454793871 1341 99 0 0 3 0 1 1 1 1 1 1 1
1454794165 1342 99 0 0 3 0 1 1 1 1 1 1 1
1454795893 1343 99 0 0 3 0 1 1 1 1 1 1 1
1454797923 1344 99 0 0 3 0 1 1 1 1 1 1 1
1454821937 1345 99 0 0 3 0 1 1 1 1 1 1 1
1454909724 1346 99 0 0 3 0 1 1 1 1 1 1 1
1454911018 1347 99 0 0 3 0 1 1 1 1 1 1 1
1454962399 1348 99 0 0 3 0 1 1 1 1 1 1 1
1454982524 1349 99 0 0 3 0 1 1 1 1 1 1 1
1454991609 1350 99 0 0 3 0 1 1 1 1 1 1 1
1455078570 1351 99 0 0 3 0 1 1 1 1 1 1 1
1455080359 1352 99 0 0 3 0 1 1 1 1 1 1 1
1455080974 1353 99 0 0 3 0 1 1 1 1 1 1 1
1455132535 1354 99 0 0 3 0 1 1 1 1 1 1 1
1455133884 1355 99 0 0 3 0 1 1 1 1 1 1 1
1455134510 1356 99 0 0 3 0 1 1 1 1 1 1 1
1455135477 1357 99 0 0 3 0 1 1 1 1 1 1 1
1455159906 1358 99 0 0 3 0 1 1 1 1 1 1 1
1455161720 1359 99 0 0 3 0 1 1 1 1 1 1 1
1455162301 1360 99 0 0 3 0 1 1 1 1 1 1 1
1455162787 1361 99 0 0 3 0 1 1 1 1 1 1 1
1455251830 1362 99 0 0 3 0 1 1 1 1 1 1 1
1455257707 1363 99 0 0 3 0 1 1 1 1 1 1 1
1455483510 1364 99 0 0 3 0 1 1 1 1 1 1 1
1455494321 1365 99 0 0 3 0 1 1 1 1 1 1 1
1455494507 1366 99 0 0 3 0 1 1 1 1 1 1 1
1455494766 1367 99 0 0 3 0 1 1 1 1 1 1 1
1456504472 1368 99 0 0 3 0 1 1 1 1 1 1 1
1456942565 1368 99 1 0 3 0 1 1 1 1 1 1 1
1457028663 1368 99 2 0 3 0 1 1 1 1 1 1 1
1457126149 1368 99 3 0 3 0 1 1 1 1 1 1 1
1457292741 1368 99 4 0 3 0 1 1 1 1 1 1 1
1457297331 1368 99 5 0 3 0 1 1 1 1 1 1 1
1457385843 1369 99 5 0 3 0 1 1 1 1 1 1 1
1457386978 1370 99 5 0 3 0 1 1 1 1 1 1 1
1457398174 1371 99 5 0 3 0 1 1 1 1 1 1 1
1457398379 1372 99 5 0 3 0 1 1 1 1 1 1 1
1457458812 1373 99 5 0 3 0 1 1 1 1 1 1 1
1457635656 1373 99 5 1 3 0 1 1 1 1 1 1 1
1457636003 1373 99 5 2 3 0 1 1 1 1 1 1 1
1457636089 1373 99 5 3 3 0 1 1 1 1 1 1 1
1457636301 1373 99 5 4 3 0 1 1 1 1 1 1 1
1457636522 1374 99 5 5 3 0 1 1 1 1 1 1 1
1457715657 1375 99 6 5 3 0 1 1 1 1 1 1 1
1457716500 1376 99 6 5 3 0 1 1 1 1 1 1 1
1457829135 1377 99 6 5 3 0 1 1 1 1 1 1 1
1457920990 1378 99 6 5 3 0 1 1 1 1 1 1 1
1457921812 1379 99 6 5 3 0 1 1 1 1 1 1 1
1457975345 1380 99 6 5 3 0 1 1 1 1 1 1 1
1458056609 1381 99 6 5 3 0 1 1 1 1 1 1 1
1458057509 1382 99 6 5 3 0 1 1 1 1 1 1 1
1458060787 1383 99 6 5 3 0 1 1 1 1 1 1 1
1458061705 1384 99 6 5 3 0 1 1 1 1 1 1 1
1458147158 1385 99 6 5 3 0 1 1 1 1 1 1 1
1458148954 1386 99 6 5 3 0 1 1 1 1 1 1 1
1458233598 1387 99 6 5 3 0 1 1 1 1 1 1 1
1458427315 1388 99 6 5 3 0 1 1 1 1 1 1 1
1458429310 1389 99 6 5 3 0 1 1 1 1 1 1 1
1458432512 1390 99 6 5 3 0 1 1 1 1 1 1 1
1458446777 1391 99 6 5 3 0 1 1 1 1 1 1 1
1458501337 1392 99 6 5 3 0 1 1 1 1 1 1 1
1458501656 1393 99 6 5 3 0 1 1 1 1 1 1 1
1458506620 1394 99 6 5 3 0 1 1 1 1 1 1 1
1458666214 1395 99 6 5 3 0 1 1 1 1 1 1 1
1458666591 1396 99 6 5 3 0 1 1 1 1 1 1 1
1458834087 1397 99 6 5 3 0 1 1 1 1 1 1 1
1458838335 1398 99 6 5 3 0 1 1 1 1 1 1 1
1458921805 1399 99 6 5 3 0 1 1 1 1 1 1 1
1458923997 1400 99 6 5 3 0 1 1 1 1 1 1 1
1459268905 1401 99 6 5 3 0 1 1 1 1 1 1 1
1459530304 1402 99 6 5 3 0 1 1 1 1 1 1 1
1459532835 1403 99 6 5 3 0 1 1 1 1 1 1 1
1459533664 1404 99 6 5 3 0 1 1 1 1 1 1 1
1459559204 1405 99 6 5 3 0 1 1 1 1 1 1 1
1459623634 1406 99 6 5 3 0 1 1 1 1 1 1 1
1459629706 1407 99 6 5 3 0 1 1 1 1 1 1 1
1459636771 1408 99 6 5 3 0 1 1 1 1 1 1 1
1459642194 1409 99 6 5 3 0 1 1 1 1 1 1 1
1459643497 1410 99 6 5 3 0 1 1 1 1 1 1 1
1459712731 1411 99 6 5 3 0 1 1 1 1 1 1 1
1459720711 1412 99 6 5 3 0 1 1 1 1 1 1 1
1459809374 1413 99 6 5 3 0 1 1 1 1 1 1 1
1459815093 1414 99 6 5 3 0 1 1 1 1 1 1 1
1459818876 1415 99 6 5 3 0 1 1 1 1 1 1 1
1459820840 1416 99 6 5 3 0 1 1 1 1 1 1 1
1459870190 1417 99 6 5 3 0 1 1 1 1 1 1 1
1459877984 1418 99 6 5 3 0 1 1 1 1 1 1 1
1459878338 1419 99 6 5 3 0 1 1 1 1 1 1 1
1460050462 1420 99 6 5 3 0 1 1 1 1 1 1 1
1460238354 1421 99 6 5 3 0 1 1 1 1 1 1 1
1460263717 1422 99 6 5 3 0 1 1 1 1 1 1 1
1460266359 1423 99 6 5 3 0 1 1 1 1 1 1 1
1460268383 1424 99 6 5 3 0 1 1 1 1 1 1 1
1460270830 1425 99 6 5 3 0 1 1 1 1 1 1 1
1460313930 1426 99 6 5 3 0 1 1 1 1 1 1 1
1460315813 1427 99 6 5 3 0 1 1 1 1 1 1 1
1460318453 1428 99 6 5 3 0 1 1 1 1 1 1 1
1460318681 1429 99 6 5 3 0 1 1 1 1 1 1 1
1460319136 1430 99 6 5 3 0 1 1 1 1 1 1 1
1460331843 1431 99 6 5 3 0 1 1 1 1 1 1 1
1460390585 1432 99 6 5 3 0 1 1 1 1 1 1 1
1460390847 1433 99 6 5 3 0 1 1 1 1 1 1 1
1460391326 1434 99 6 5 3 0 1 1 1 1 1 1 1
1460392960 1435 99 6 5 3 0 1 1 1 1 1 1 1
1460567404 1436 99 6 5 3 0 1 1 1 1 1 1 1
1460833765 1437 99 6 5 3 0 1 1 1 1 1 1 1
1460838511 1438 99 6 5 3 0 1 1 1 1 1 1 1
1460922772 1439 99 6 5 3 0 1 1 1 1 1 1 1
1460923310 1440 99 6 5 3 0 1 1 1 1 1 1 1
1460923832 1441 99 6 5 3 0 1 1 1 1 1 1 1
1460941376 1442 99 6 5 3 0 1 1 1 1 1 1 1
1460941851 1443 99 6 5 3 0 1 1 1 1 1 1 1
1460947831 1444 99 6 5 3 0 1 1 1 1 1 1 1
1461004423 1445 99 6 5 3 0 1 1 1 1 1 1 1
1461004921 1446 99 6 5 3 0 1 1 1 1 1 1 1
1461006127 1447 99 6 5 3 0 1 1 1 1 1 1 1
1461009140 1448 99 6 5 3 0 1 1 1 1 1 1 1
1461010778 1449 99 6 5 3 0 1 1 1 1 1 1 1
1461010941 1450 99 6 5 3 0 1 1 1 1 1 1 1
1462557106 1450 99 7 5 3 0 1 1 1 1 1 1 1
1462570983 1450 99 8 5 3 0 1 1 1 1 1 1 1
1462656774 1450 99 9 5 3 0 1 1 1 1 1 1 1
1462657768 1450 99 10 5 3 0 1 1 1 1 1 1 1
1462738383 1450 99 11 5 3 0 1 1 1 1 1 1 1
1462741579 1450 99 12 5 3 0 1 1 1 1 1 1 1
1462745916 1450 99 13 5 3 0 1 1 1 1 1 1 1
1463253327 1451 99 13 5 3 0 1 1 1 1 1 1 1
1463290441 1452 99 13 5 3 0 1 1 1 1 1 1 1
1463335358 1453 99 13 5 3 0 1 1 1 1 1 1 1
1463335602 1454 99 13 5 3 0 1 1 1 1 1 1 1
1463342120 1455 99 13 5 3 0 1 1 1 1 1 1 1
1464489322 1455 99 14 5 3 0 1 1 1 1 1 1 1
1464973979 1456 99 14 5 3 0 1 1 1 1 1 1 1
1465184147 1456 99 15 5 3 0 1 1 1 1 1 1 1
1465274935 1456 99 16 5 3 0 1 1 1 1 1 1 1
1465279580 1456 99 17 5 3 0 1 1 1 1 1 1 1
1465316285 1457 99 17 5 3 0 1 1 1 1 1 1 1
1465316701 1458 99 17 5 3 0 1 1 1 1 1 1 1
1465317646 1459 99 17 5 3 0 1 1 1 1 1 1 1
1465319373 1460 99 17 5 3 0 1 1 1 1 1 1 1
1465319689 1461 99 17 5 3 0 1 1 1 1 1 1 1
1465320462 1462 99 17 5 3 0 1 1 1 1 1 1 1
1465320588 1463 99 17 5 3 0 1 1 1 1 1 1 1
1465361930 1463 99 18 5 3 0 1 1 1 1 1 1 1
1465406808 1464 99 18 5 3 0 1 1 1 1 1 1 1
1465615509 1464 99 19 5 3 0 1 1 1 1 1 1 1
1465797269 1464 99 20 5 3 0 1 1 1 1 1 1 1
1465831965 1465 99 20 5 3 0 1 1 1 1 1 1 1
1465886926 1465 99 21 5 3 0 1 1 1 1 1 1 1
1465917889 1466 99 21 5 3 0 1 1 1 1 1 1 1
1465918353 1467 99 21 5 3 0 1 1 1 1 1 1 1
1465918408 1473 99 21 5 3 0 1 1 1 1 1 1 1
1466883264 1474 99 21 5 3 0 1 1 1 1 1 1 1
1466888163 1475 99 21 5 3 0 1 1 1 1 1 1 1
1466897980 1476 99 21 5 3 0 1 1 1 1 1 1 1
1466899260 1477 99 21 5 3 0 1 1 1 1 1 1 1
1466899394 1478 99 21 5 3 0 1 1 1 1 1 1 1
1466901058 1479 99 21 5 3 0 1 1 1 1 1 1 1
1466901985 1480 99 21 5 3 0 1 1 1 1 1 1 1
1466967034 1481 99 21 5 3 0 1 1 1 1 1 1 1
1466985862 1482 99 21 5 3 0 1 1 1 1 1 1 1
1467218177 1483 99 21 5 3 0 1 1 1 1 1 1 1
1467595376 1484 99 21 5 3 0 1 1 1 1 1 1 1
1467657286 1485 99 21 5 3 0 1 1 1 1 1 1 1
1467660094 1486 99 21 5 3 0 1 1 1 1 1 1 1
1467671246 1487 99 21 5 3 0 1 1 1 1 1 1 1
1467671316 1488 99 21 5 3 0 1 1 1 1 1 1 1
1467822576 1489 99 21 5 3 0 1 1 1 1 1 1 1
1468103364 1490 99 21 5 3 0 1 1 1 1 1 1 1
1468121635 1491 99 21 5 3 0 1 1 1 1 1 1 1
1468172195 1492 99 21 5 3 0 1 1 1 1 1 1 1
1468173537 1493 99 21 5 3 0 1 1 1 1 1 1 1
1468178785 1494 99 21 5 3 0 1 1 1 1 1 1 1
1468180079 1495 99 21 5 3 0 1 1 1 1 1 1 1
1468180205 1496 99 21 5 3 0 1 1 1 1 1 1 1
1468182770 1497 99 21 5 3 0 1 1 1 1 1 1 1
1468255194 1498 99 21 5 3 0 1 1 1 1 1 1 1
1468256216 1499 99 21 5 3 0 1 1 1 1 1 1 1
1468340217 1500 99 21 5 3 0 1 1 1 1 1 1 1
1468342357 1501 99 21 5 3 0 1 1 1 1 1 1 1
1468343055 1502 99 21 5 3 0 1 1 1 1 1 1 1
1468343125 1503 99 21 5 3 0 1 1 1 1 1 1 1
1468425855 1504 99 21 5 3 0 1 1 1 1 1 1 1
1468426337 1505 99 21 5 3 0 1 1 1 1 1 1 1
1468510686 1506 99 21 5 3 0 1 1 1 1 1 1 1
1468514802 1507 99 21 5 3 0 1 1 1 1 1 1 1
1468517099 1508 99 21 5 3 0 1 1 1 1 1 1 1
1468597214 1509 99 21 5 3 0 1 1 1 1 1 1 1
1468598239 1510 99 21 5 3 0 1 1 1 1 1 1 1
1468601204 1511 99 21 5 3 0 1 1 1 1 1 1 1
1468601975 1512 99 21 5 3 0 1 1 1 1 1 1 1
1468602144 1513 99 21 5 3 0 1 1 1 1 1 1 1
1468603941 1514 99 21 5 3 0 1 1 1 1 1 1 1
1468780543 1515 99 42 5 3 0 1 1 1 1 1 1 1
1468824181 1515 99 43 5 3 0 1 1 1 1 1 1 1
1468895230 1516 99 44 5 3 0 1 1 1 1 1 1 1
1468946600 1517 99 44 5 3 0 1 1 1 1 1 1 1
1468946916 1518 99 44 5 3 0 1 1 1 1 1 1 1
1469119135 1519 99 44 5 3 0 1 1 1 1 1 1 1
1469119527 1520 99 44 5 3 0 1 1 1 1 1 1 1
1469205040 1521 99 44 5 3 0 1 1 1 1 1 1 1
1469210905 1522 99 44 5 3 0 1 1 1 1 1 1 1
1469291773 1523 99 44 5 3 0 1 1 1 1 1 1 1
1469296207 1524 99 44 5 3 0 1 1 1 1 1 1 1
1469468612 1525 99 44 5 3 0 1 1 1 1 1 1 1
1469551527 1526 99 44 5 3 0 1 1 1 1 1 1 1
1469639789 1527 99 44 5 3 0 1 1 1 1 1 1 1
1469724965 1528 99 44 5 3 0 1 1 1 1 1 1 1
1469728058 1529 99 44 5 3 0 1 1 1 1 1 1 1
1469810769 1530 99 44 5 3 0 1 1 1 1 1 1 1
1469899749 1531 99 44 5 3 0 1 1 1 1 1 1 1
1469993768 1532 99 44 5 3 0 1 1 1 1 1 1 1
1470006997 1533 99 44 5 3 0 1 1 1 1 1 1 1
1470007330 1537 99 44 5 3 0 1 1 1 1 1 1 1
1470760329 1538 99 44 5 3 0 1 1 1 1 1 1 1
1470761962 1539 99 44 5 3 0 1 1 1 1 1 1 1
1470931405 1540 99 44 5 3 0 1 1 1 1 1 1 1
1470931431 1541 99 44 5 3 0 1 1 1 1 1 1 1
1470931602 1542 99 44 5 3 0 1 1 1 1 1 1 1
1470932123 1543 99 44 5 3 0 1 1 1 1 1 1 1
1471193057 1544 99 44 5 3 0 1 1 1 1 1 1 1
1471194902 1545 99 44 5 3 0 1 1 1 1 1 1 1
1471882490 1546 99 44 5 3 0 1 1 1 1 1 1 1
1471882965 1547 99 44 5 3 0 1 1 1 1 1 1 1
1471887139 1548 99 44 5 3 0 1 1 1 1 1 1 1
1471982798 1549 99 44 5 3 0 1 1 1 1 1 1 1
1471983512 1550 99 44 5 3 0 1 1 1 1 1 1 1
1471984647 1551 99 44 5 3 0 1 1 1 1 1 1 1
1472052388 1552 99 44 5 3 0 1 1 1 1 1 1 1
1472052604 1553 99 44 5 3 0 1 1 1 1 1 1 1
1472061704 1554 99 44 5 3 0 1 1 1 1 1 1 1
1472144155 1555 99 44 5 3 0 1 1 1 1 1 1 1
1472228915 1556 99 44 5 3 0 1 1 1 1 1 1 1
1472231390 1557 99 44 5 3 0 1 1 1 1 1 1 1
1472321508 1558 99 44 5 3 0 1 1 1 1 1 1 1
1472321608 1559 99 44 5 3 0 1 1 1 1 1 1 1
1472403725 1560 99 44 5 3 0 1 1 1 1 1 1 1
1472404290 1561 99 44 5 3 0 1 1 1 1 1 1 1
1472404514 1562 99 44 5 3 0 1 1 1 1 1 1 1
1472404746 1563 99 44 5 3 0 1 1 1 1 1 1 1
1472404928 1564 99 44 5 3 0 1 1 1 1 1 1 1
1472405334 1565 99 44 5 3 0 1 1 1 1 1 1 1
1472405570 1566 99 44 5 3 0 1 1 1 1 1 1 1
1472405716 1567 99 44 5 3 0 1 1 1 1 1 1 1
1472408841 1568 99 44 5 3 0 1 1 1 1 1 1 1
1473443660 1569 99 44 5 3 0 1 1 1 1 1 1 1
1473443983 1570 99 44 5 3 0 1 1 1 1 1 1 1
1473535326 1571 99 44 5 3 0 1 1 1 1 1 1 1
1473699032 1572 99 44 5 3 0 1 1 1 1 1 1 1
1473701616 1573 99 44 5 3 0 1 1 1 1 1 1 1
1473786102 1574 99 44 5 3 0 1 1 1 1 1 1 1
1473787519 1575 99 44 5 3 0 1 1 1 1 1 1 1
1473788061 1576 99 44 5 3 0 1 1 1 1 1 1 1
1473788738 1577 99 44 5 3 0 1 1 1 1 1 1 1
1473959428 1578 99 44 5 3 0 1 1 1 1 1 1 1
1473967828 1579 99 44 5 3 0 1 1 1 1 1 1 1
1473968807 1580 99 44 5 3 0 1 1 1 1 1 1 1
1473969475 1581 99 44 5 3 0 1 1 1 1 1 1 1
1473970378 1582 99 44 5 3 0 1 1 1 1 1 1 1
1473991250 1583 99 44 5 3 0 1 1 1 1 1 1 1
1473997534 1584 99 44 5 3 0 1 1 1 1 1 1 1
1474005998 1585 99 44 5 3 0 1 1 1 1 1 1 1
1474006397 1586 99 44 5 3 0 1 1 1 1 1 1 1
1476467700 1587 99 44 5 3 0 1 1 1 1 1 1 1
1476639512 1588 99 44 5 3 0 1 1 1 1 1 1 1
1476649782 1589 99 44 5 3 0 1 1 1 1 1 1 1
1476657035 1590 99 44 5 3 0 1 1 1 1 1 1 1
1476669502 1591 99 44 5 3 0 1 1 1 1 1 1 1
1476898652 1592 99 44 5 3 0 1 1 1 1 1 1 1
1476898801 1593 99 44 5 3 0 1 1 1 1 1 1 1
1476983419 1594 99 44 5 3 0 1 1 1 1 1 1 1
1476985670 1595 99 44 5 3 0 1 1 1 1 1 1 1
1477162770 1596 99 44 5 3 0 1 1 1 1 1 1 1
1477163775 1597 99 44 5 3 0 1 1 1 1 1 1 1
1477256421 1605 99 44 5 3 0 1 1 1 1 1 1 1
1478107115 1606 99 44 5 3 0 1 1 1 1 1 1 1
1478455059 1607 99 44 5 3 0 1 1 1 1 1 1 1
1478546505 1608 99 44 5 3 0 1 1 1 1 1 1 1
1478803876 1609 99 44 5 3 0 1 1 1 1 1 1 1
1478890551 1610 99 44 5 3 0 1 1 1 1 1 1 1
1478917310 1611 99 44 5 3 0 1 1 1 1 1 1 1
1478918413 1612 99 44 5 3 0 1 1 1 1 1 1 1
1479069175 1613 99 44 5 3 0 1 1 1 1 1 1 1
1479234403 1614 99 44 5 3 0 1 1 1 1 1 1 1
1479235044 1615 99 44 5 3 0 1 1 1 1 1 1 1
1479317714 1616 99 44 5 3 0 1 1 1 1 1 1 1
1479318755 1617 99 44 5 3 0 1 1 1 1 1 1 1
1480561101 1618 99 44 5 3 0 1 1 1 1 1 1 1
1480702593 1619 99 44 5 3 0 1 1 1 1 1 1 1
1496512071 1620 99 44 5 3 0 1 1 1 1 1 1 1
1499268902 1623 99 44 5 3 0 1 1 1 1 1 1 1
1500845680 1624 99 44 5 3 0 1 1 1 1 1 1 1
1500850649 1625 99 44 5 3 0 1 1 1 1 1 1 1
1500871167 1626 99 44 5 3 0 1 1 1 1 1 1 1
1500871818 1627 99 44 5 3 0 1 1 1 1 1 1 1
1500872193 1628 99 44 5 3 0 1 1 1 1 1 1 1
1500873495 1629 99 44 5 3 0 1 1 1 1 1 1 1
1500873543 1630 99 44 5 3 0 1 1 1 1 1 1 1
1500930684 1631 99 44 5 3 0 1 1 1 1 1 1 1
1500939236 1632 99 44 5 3 0 1 1 1 1 1 1 1
1501003015 1633 99 44 5 3 0 1 1 1 1 1 1 1
1501175455 1634 99 44 5 3 0 1 1 1 1 1 1 1
1501176660 1635 99 44 5 3 0 1 1 1 1 1 1 1
1501177157 1636 99 44 5 3 0 1 1 1 1 1 1 1
1501182141 1637 99 44 5 3 0 1 1 1 1 1 1 1
1501209863 1638 99 44 5 3 0 1 1 1 1 1 1 1
1501214271 1639 99 44 5 3 0 1 1 1 1 1 1 1
1501215020 1640 99 44 5 3 0 1 1 1 1 1 1 1
1501215898 1641 99 44 5 3 0 1 1 1 1 1 1 1
1501261348 1642 99 44 5 3 0 1 1 1 1 1 1 1
1501264716 1643 99 44 5 3 0 1 1 1 1 1 1 1
1501285320 1644 99 44 5 3 0 1 1 1 1 1 1 1
1501285792 1645 99 44 5 3 0 1 1 1 1 1 1 1
1501360564 1646 99 44 5 3 0 1 1 1 1 1 1 1
1501361495 1647 99 44 5 3 0 1 1 1 1 1 1 1
1501371237 1648 99 44 5 3 0 1 1 1 1 1 1 1
1501530898 1649 99 44 5 3 0 1 1 1 1 1 1 1
1501548749 1650 99 44 5 3 0 1 1 1 1 1 1 1
1501578868 1651 99 44 5 3 0 1 1 1 1 1 1 1
1501579275 1652 99 44 5 3 0 1 1 1 1 1 1 1
1501606154 1653 99 44 5 3 0 1 1 1 1 1 1 1
1501622839 1654 99 44 5 3 0 1 1 1 1 1 1 1
1501694867 1655 99 44 5 3 0 1 1 1 1 1 1 1
1501695970 1656 99 44 5 3 0 1 1 1 1 1 1 1
1501837868 1657 99 44 5 3 0 1 1 1 1 1 1 1
1501839249 1658 99 44 5 3 0 1 1 1 1 1 1 1
1501839741 1662 99 44 5 3 0 1 1 1 1 1 1 1
1501866935 1663 99 44 5 3 0 1 1 1 1 1 1 1
1501868196 1664 99 44 5 3 0 1 1 1 1 1 1 1
1501868556 1665 99 44 5 3 0 1 1 1 1 1 1 1
1501875823 1666 99 44 5 3 0 1 1 1 1 1 1 1
1501876079 1667 99 44 5 3 0 1 1 1 1 1 1 1
1501876834 1668 99 44 5 3 0 1 1 1 1 1 1 1
1501894402 1669 99 44 5 3 0 1 1 1 1 1 1 1
1501894710 1670 99 44 5 3 0 1 1 1 1 1 1 1
1501894987 1671 99 44 5 3 0 1 1 1 1 1 1 1
1501901660 1672 99 44 5 3 0 1 1 1 1 1 1 1
1501947717 1673 99 44 5 3 0 1 1 1 1 1 1 1
1501947871 1674 99 44 5 3 0 1 1 1 1 1 1 1
1501950810 1675 99 44 5 3 0 1 1 1 1 1 1 1
1501978335 1676 99 44 5 3 0 1 1 1 1 1 1 1
1501996499 1677 99 44 5 3 0 1 1 1 1 1 1 1
1502054444 1678 99 44 5 3 0 1 1 1 1 1 1 1
1502207310 1681 99 44 5 3 0 1 1 1 1 1 1 1
1502306375 1682 99 44 5 3 0 1 1 1 1 1 1 1
1502386900 1683 99 44 5 3 0 1 1 1 1 1 1 1
1502661563 1684 99 44 5 3 0 1 1 1 1 1 1 1
1502662337 1685 99 44 5 3 0 1 1 1 1 1 1 1
1502814097 1686 99 44 5 3 0 1 1 1 1 1 1 1
1502818117 1687 99 44 5 3 0 1 1 1 1 1 1 1
1502894763 1688 99 44 5 3 0 1 1 1 1 1 1 1
1503069015 1689 99 44 5 3 0 1 1 1 1 1 1 1
1503142993 1690 99 44 5 3 0 1 1 1 1 1 1 1
1503268572 1691 99 44 5 3 0 1 1 1 1 1 1 1
1503269236 1692 99 44 5 3 0 1 1 1 1 1 1 1
1503507714 1694 99 44 5 3 0 1 1 1 1 1 1 1
1503788799 1696 99 44 5 3 0 1 1 1 1 1 1 1
1503856600 1697 99 44 5 3 0 1 1 1 1 1 1 1
1503857234 1698 99 44 5 3 0 1 1 1 1 1 1 1
1503861921 1699 99 44 5 3 0 1 1 1 1 1 1 1
1503876604 1700 99 44 5 3 0 1 1 1 1 1 1 1
1503947535 1701 99 44 5 3 0 1 1 1 1 1 1 1
1504114364 1702 99 44 5 3 0 1 1 1 1 1 1 1
1504200436 1703 99 44 5 3 0 1 1 1 1 1 1 1
1504201282 1704 99 44 5 3 0 1 1 1 1 1 1 1
1504205103 1705 99 44 5 3 0 1 1 1 1 1 1 1
1504205907 1706 99 44 5 3 0 1 1 1 1 1 1 1
1504206448 1707 99 44 5 3 0 1 1 1 1 1 1 1
1504291146 1708 99 44 5 3 0 1 1 1 1 1 1 1
1504381892 1709 99 44 5 3 0 1 1 1 1 1 1 1
1504385615 1710 99 44 5 3 0 1 1 1 1 1 1 1
1504399995 1711 99 44 5 3 0 1 1 1 1 1 1 1
1504400905 1712 99 44 5 3 0 1 1 1 1 1 1 1
1504401397 1713 99 44 5 3 0 1 1 1 1 1 1 1
1504401712 1714 99 44 5 3 0 1 1 1 1 1 1 1
1504635721 1715 99 44 5 3 0 1 1 1 1 1 1 1
1504867407 1716 99 44 5 3 0 1 1 1 1 1 1 1
1505039958 1717 99 44 5 3 0 1 1 1 1 1 1 1
1505040176 1718 99 44 5 3 0 1 1 1 1 1 1 1
1505040604 1719 99 44 5 3 0 1 1 1 1 1 1 1
1505057357 1720 99 44 5 3 0 1 1 1 1 1 1 1
1505332482 1721 99 44 5 3 0 1 1 1 1 1 1 1
1505351177 1722 99 44 5 3 0 1 1 1 1 1 1 1
1505351330 1723 99 44 5 3 0 1 1 1 1 1 1 1
1505589356 1724 99 44 5 3 0 1 1 1 1 1 1 1
1505594161 1725 99 44 5 3 0 1 1 1 1 1 1 1
1506109511 1726 99 44 5 3 0 1 1 1 1 1 1 1
1506218330 1727 99 44 5 3 0 1 1 1 1 1 1 1
1506272976 1728 99 44 5 3 0 1 1 1 1 1 1 1
1506281292 1729 99 44 5 3 0 1 1 1 1 1 1 1
1506546991 1730 99 44 5 3 0 1 1 1 1 1 1 1
1506637277 1731 99 44 5 3 0 1 1 1 1 1 1 1
1506645521 1732 99 44 5 3 0 1 1 1 1 1 1 1
1506732664 1733 99 44 5 3 0 1 1 1 1 1 1 1
1506799449 1734 99 44 5 3 0 1 1 1 1 1 1 1
1507741577 1735 99 44 5 3 0 1 1 1 1 1 1 1
1507745225 1736 99 44 5 3 0 1 1 1 1 1 1 1
1507747212 1737 99 44 5 3 0 1 1 1 1 1 1 1
1508080854 1738 99 44 5 3 0 1 1 1 1 1 1 1
1508083134 1739 99 44 5 3 0 1 1 1 1 1 1 1
1508607435 1740 99 44 5 3 0 1 1 1 1 1 1 1
1508609563 1741 99 44 5 3 0 1 1 1 1 1 1 1
1508693915 1742 99 44 5 3 0 1 1 1 1 1 1 1
1508713053 1743 99 44 5 3 0 1 1 1 1 1 1 1
1508778512 1744 99 44 5 3 0 1 1 1 1 1 1 1
1508779052 1745 99 44 5 3 0 1 1 1 1 1 1 1
1508865463 1746 99 44 5 3 0 1 1 1 1 1 1 1
1508868270 1747 99 44 5 3 0 1 1 1 1 1 1 1
1508953316 1748 99 44 5 3 0 1 1 1 1 1 1 1
1508962026 1749 99 44 5 3 0 1 1 1 1 1 1 1
1509040519 1750 99 44 5 3 0 1 1 1 1 1 1 1
1509237186 1751 99 44 5 3 0 1 1 1 1 1 1 1
1509237443 1752 99 44 5 3 0 1 1 1 1 1 1 1
1509304918 1753 99 44 5 3 0 1 1 1 1 1 1 1
1509310061 1754 99 44 5 3 0 1 1 1 1 1 1 1
1509335843 1755 99 44 5 3 0 1 1 1 1 1 1 1
1509337316 1756 99 44 5 3 0 1 1 1 1 1 1 1
1509383287 1757 99 44 5 3 0 1 1 1 1 1 1 1
1509383743 1758 99 44 5 3 0 1 1 1 1 1 1 1
1509384230 1759 99 44 5 3 0 1 1 1 1 1 1 1
1509385335 1760 99 44 5 3 0 1 1 1 1 1 1 1
1509396250 1761 99 44 5 3 0 1 1 1 1 1 1 1
1509396799 1762 99 44 5 3 0 1 1 1 1 1 1 1
1509397640 1763 99 44 5 3 0 1 1 1 1 1 1 1
1509405916 1764 99 44 5 3 0 1 1 1 1 1 1 1
1509406069 1765 99 44 5 3 0 1 1 1 1 1 1 1
1509406377 1766 99 44 5 3 0 1 1 1 1 1 1 1
1509406476 1767 99 44 5 3 0 1 1 1 1 1 1 1
1509471751 1768 99 44 5 3 0 1 1 1 1 1 1 1
1509472135 1769 99 44 5 3 0 1 1 1 1 1 1 1
1509473213 1770 99 44 5 3 0 1 1 1 1 1 1 1
1509560018 1771 99 44 5 3 0 1 1 1 1 1 1 1
1509561264 1772 99 44 5 3 0 1 1 1 1 1 1 1
1509563254 1773 99 44 5 3 0 1 1 1 1 1 1 1
1509728833 1774 99 44 5 3 0 1 1 1 1 1 1 1
1509734482 1775 99 44 5 3 0 1 1 1 1 1 1 1
1509735149 1776 99 44 5 3 0 1 1 1 1 1 1 1
1509737355 1777 99 44 5 3 0 1 1 1 1 1 1 1
1509737366 1778 99 44 5 3 0 1 1 1 1 1 1 1
1509737579 1779 99 44 5 3 0 1 1 1 1 1 1 1
1509760081 1780 99 44 5 3 0 1 1 1 1 1 1 1
1509760512 1781 99 44 5 3 0 1 1 1 1 1 1 1
1509761251 1782 99 44 5 3 0 1 1 1 1 1 1 1
1509761405 1783 99 44 5 3 0 1 1 1 1 1 1 1
1509834479 1784 99 44 5 3 0 1 1 1 1 1 1 1
1509835242 1785 99 44 5 3 0 1 1 1 1 1 1 1
1509916341 1786 99 44 5 3 0 1 1 1 1 1 1 1
1509921675 1787 99 44 5 3 0 1 1 1 1 1 1 1
1509924556 1788 99 44 5 3 0 1 1 1 1 1 1 1
1509925548 1789 99 44 5 3 0 1 1 1 1 1 1 1
1509996028 1790 99 44 5 3 0 1 1 1 1 1 1 1
1509998605 1791 99 44 5 3 0 1 1 1 1 1 1 1
1509999834 1792 99 44 5 3 0 1 1 1 1 1 1 1
1510006212 1793 99 44 5 3 0 1 1 1 1 1 1 1
1510073535 1794 99 44 5 3 0 1 1 1 1 1 1 1
1510073735 1795 99 44 5 3 0 1 1 1 1 1 1 1
1510163888 1796 99 44 5 3 0 1 1 1 1 1 1 1
1510253216 1797 99 44 5 3 0 1 1 1 1 1 1 1
1510343388 1798 99 44 5 3 0 1 1 1 1 1 1 1
1510343450 1799 99 44 5 3 0 1 1 1 1 1 1 1
1510433341 1800 99 44 5 3 0 1 1 1 1 1 1 1
1510434565 1801 99 44 5 3 0 1 1 1 1 1 1 1
1510435726 1802 99 44 5 3 0 1 1 1 1 1 1 1
1510438075 1803 99 44 5 3 0 1 1 1 1 1 1 1
1510524346 1804 99 44 5 3 0 1 1 1 1 1 1 1
1510527628 1805 99 44 5 3 0 1 1 1 1 1 1 1
1510598385 1806 99 44 5 3 0 1 1 1 1 1 1 1
1510598729 1807 99 44 5 3 0 1 1 1 1 1 1 1
1510684357 1808 99 44 5 3 0 1 1 1 1 1 1 1
1510684842 1809 99 44 5 3 0 1 1 1 1 1 1 1
1510686411 1810 99 44 5 3 0 1 1 1 1 1 1 1
1510950871 1811 99 44 5 3 0 1 1 1 1 1 1 1
1511897228 1812 99 44 5 3 0 1 1 1 1 1 1 1
1511897688 1813 99 44 5 3 0 1 1 1 1 1 1 1
1511975783 1814 99 44 5 3 0 1 1 1 1 1 1 1
1511985444 1815 99 44 5 3 0 1 1 1 1 1 1 1
1512417575 1816 99 44 5 3 0 1 1 1 1 1 1 1
1513363658 1817 99 44 5 3 0 1 1 1 1 1 1 1
1514578169 1818 99 44 5 3 0 1 1 1 1 1 1 1
1516295049 1819 99 44 5 3 0 1 1 1 1 1 1 1
1517890060 1820 99 44 5 3 0 1 1 1 1 1 1 1
1518205861 1821 99 44 5 3 0 1 1 1 1 1 1 1
1518987759 1822 99 44 5 3 0 1 1 1 1 1 1 1
1521021251 1822 99 44 5 3 1 1 1 1 1 1 1 1
1521057101 1823 99 44 5 3 1 1 1 1 1 1 1 1
1521999083 1823 99 44 5 3 2 1 1 1 1 1 1 1
1522694108 1824 99 44 5 3 2 1 1 1 1 1 1 1
1522883211 1825 99 44 5 3 2 1 1 1 1 1 1 1
1522883332 1826 99 44 5 3 2 1 1 1 1 1 1 1
1522957096 1827 99 44 5 3 2 1 1 1 1 1 1 1
1523153925 1828 99 44 5 3 2 1 1 1 1 1 1 1
1523824088 1829 99 44 5 3 2 1 1 1 1 1 1 1
1524076784 1830 99 44 5 3 2 1 1 1 1 1 1 1
1524076828 1831 99 44 5 3 2 1 1 1 1 1 1 1
1525029758 1832 99 44 5 3 2 1 1 1 1 1 1 1
1525545033 1833 99 44 5 3 2 1 1 1 1 1 1 1
1535472067 1834 99 44 5 3 2 1 1 1 1 1 1 1
1535472387 1835 99 44 5 3 2 1 1 1 1 1 1 1
1539889964 1836 99 44 5 3 2 1 1 1 1 1 1 1
1539890505 1837 99 44 5 3 2 1 1 1 1 1 1 1
1539975273 1838 99 44 5 3 2 1 1 1 1 1 1 1
1539975316 1839 99 44 5 3 2 1 1 1 1 1 1 1
1539978603 1840 99 44 5 3 2 1 1 1 1 1 1 1
1541704184 1841 99 44 5 3 2 1 1 1 1 1 1 1
1541790795 1842 99 44 5 3 2 1 1 1 1 1 1 1
1541792335 1843 99 44 5 3 2 1 1 1 1 1 1 1
1542568117 1844 99 44 5 3 2 1 1 1 1 1 1 1
1546196873 1845 99 44 5 3 2 1 1 1 1 1 1 1
1546197442 1846 99 44 5 3 2 1 1 1 1 1 1 1
1546302318 1847 99 44 5 3 2 1 1 1 1 1 1 1
1546552727 1848 99 44 5 3 2 1 1 1 1 1 1 1
1546552935 1849 99 44 5 3 2 1 1 1 1 1 1 1
1546555225 1850 99 44 5 3 2 1 1 1 1 1 1 1
1546633617 1851 99 44 5 3 2 1 1 1 1 1 1 1
1546968897 1852 99 44 5 3 2 1 1 1 1 1 1 1
1546969540 1853 99 44 5 3 2 1 1 1 1 1 1 1
1547059286 1854 99 44 5 3 2 1 1 1 1 1 1 1
1547062500 1855 99 44 5 3 2 1 1 1 1 1 1 1
1547062709 1856 99 44 5 3 2 1 1 1 1 1 1 1
1547147939 1857 99 44 5 3 2 1 1 1 1 1 1 1
1547161126 1858 99 44 5 3 2 1 1 1 1 1 1 1
1547231992 1859 99 44 5 3 2 1 1 1 1 1 1 1
1547234188 1860 99 44 5 3 2 1 1 1 1 1 1 1
1547328853 1861 99 44 5 3 2 1 1 1 1 1 1 1
1547330330 1862 99 44 5 3 2 1 1 1 1 1 1 1
1547331228 1863 99 44 5 3 2 1 1 1 1 1 1 1
1547334397 1864 99 44 5 3 2 1 1 1 1 1 1 1
1547336092 1865 99 44 5 3 2 1 1 1 1 1 1 1
1554312023 1866 99 44 5 3 2 1 1 1 1 1 1 1
