1243222022 0 0 0 0 0 0 0 0 0 0 0 0 0
1243227383 785 0 0 0 0 0 0 0 0 0 0 0 0
1243229315 787 0 0 0 0 0 0 0 0 0 0 0 0
1243230238 791 0 0 0 0 0 0 0 0 0 0 0 0
1243316219 834 0 0 0 0 0 0 0 0 0 0 0 0
1243583906 1028 0 0 0 0 0 0 0 0 0 0 0 0
1243665612 1792 0 0 0 0 0 0 0 0 0 0 0 0
1243931869 2177 0 0 0 0 0 0 0 0 0 0 0 0
1243996615 2210 0 0 0 0 0 0 0 0 0 0 0 0
1244011077 2239 0 0 0 0 0 0 0 0 0 0 0 0
1244141982 2273 0 0 0 0 0 0 0 0 0 0 0 0
1244192047 2540 0 0 0 0 0 0 0 0 0 0 0 0
1244308174 2751 0 0 0 0 0 0 0 0 0 0 0 0
1244309007 2940 0 0 0 0 0 0 0 0 0 0 0 0
1244410312 2977 0 0 0 0 0 0 0 0 0 0 0 0
1244681286 2979 0 0 0 0 0 0 0 0 0 0 0 0
1244681729 2997 0 0 0 0 0 0 0 0 0 0 0 0
1245048139 3411 0 0 0 0 0 0 0 0 0 0 0 0
1247087608 3839 0 0 0 0 0 0 0 0 0 0 0 0
1247117496 3945 0 0 0 0 0 0 0 0 0 0 0 0
1247379096 4309 0 0 0 0 0 0 0 0 0 0 0 0
1247599034 4343 0 0 0 0 0 0 0 0 0 0 0 0
1247901376 4518 0 0 0 0 0 0 0 0 0 0 0 0
1247932283 4518 0 0 0 0 0 0 0 0 0 0 0 0
1247990988 4803 0 0 0 0 0 0 0 0 0 0 0 0
1248026051 4867 0 0 0 0 0 0 0 0 0 0 0 0
1248145002 4910 0 0 0 0 0 0 0 0 0 0 0 0
1248146428 4913 0 0 0 0 0 0 0 0 0 0 0 0
1248148811 4931 0 0 0 0 0 0 0 0 0 0 0 0
1248175123 4938 0 0 0 0 0 0 0 0 0 0 0 0
1248291680 4985 0 0 0 0 0 0 0 0 0 0 0 0
1248937787 5268 0 0 0 0 0 0 0 0 0 0 0 0
1249325031 5288 0 0 0 0 0 0 0 0 0 0 0 0
1249714961 5824 0 0 0 0 0 0 0 0 0 0 0 0
1250554069 6189 0 0 0 0 0 0 0 0 0 0 0 0
1251009885 6578 0 0 0 0 0 0 0 0 0 0 0 0
1251512633 6629 0 0 0 0 0 0 0 0 0 0 0 0
1252300902 7025 0 0 0 0 0 0 0 0 0 0 0 0
1253697049 7228 0 0 0 0 0 0 0 0 0 0 0 0
1254041441 7731 0 0 0 0 0 0 0 0 0 0 0 0
1254120981 7940 0 0 0 0 0 0 0 0 0 0 0 0
1255749558 8109 0 0 0 0 0 0 0 0 0 0 0 0
1256180592 8454 0 0 0 0 0 0 0 0 0 0 0 0
1257738718 8772 0 0 0 0 0 0 0 0 0 0 0 0
1259554377 8888 0 0 0 0 0 0 0 0 0 0 0 0
1265593627 9120 0 0 0 0 0 0 0 0 0 0 0 0
1266195694 10811 0 0 0 0 0 0 0 0 0 0 0 0
1267325304 11209 0 0 0 0 0 0 0 0 0 0 0 0
1268026719 11401 0 0 0 0 0 0 0 0 0 0 0 0
1268149749 11403 0 0 0 0 0 0 0 0 0 0 0 0
1270569086 11404 0 0 0 0 0 0 0 0 0 0 0 0
1270743914 13119 0 0 0 0 0 0 0 0 0 0 0 0
1270827707 13121 0 0 0 0 0 0 0 0 0 0 0 0
1270948660 13130 0 0 0 0 0 0 0 0 0 0 0 0
1272230126 13526 0 0 0 0 0 0 0 0 0 0 0 0
1272639451 13539 0 0 0 0 0 0 0 0 0 0 0 0
1272639675 13540 0 0 0 0 0 0 0 0 0 0 0 0
1273249549 13775 0 0 0 0 0 0 0 0 0 0 0 0
1273676298 13786 0 0 0 0 0 0 0 0 0 0 0 0
1273679685 13845 0 0 0 0 0 0 0 0 0 0 0 0
1274285054 14184 0 0 0 0 0 0 0 0 0 0 0 0
1274372806 14317 0 0 0 0 0 0 0 0 0 0 0 0
1275345667 14739 0 0 0 0 0 0 0 0 0 0 0 0
1275668998 14926 0 0 0 0 0 0 0 0 0 0 0 0
1275771116 14937 0 0 0 0 0 0 0 0 0 0 0 0
1275773681 14944 0 0 0 0 0 0 0 0 0 0 0 0
1275784314 14992 0 0 0 0 0 0 0 0 0 0 0 0
1275790501 15007 0 0 0 0 0 0 0 0 0 0 0 0
1275791914 15008 0 0 0 0 0 0 0 0 0 0 0 0
1276014542 15332 0 0 0 0 0 0 0 0 0 0 0 0
1276098408 15376 0 0 0 0 0 0 0 0 0 0 0 0
1276099676 15396 0 0 0 0 0 0 0 0 0 0 0 0
1276704901 15423 0 0 0 0 0 0 0 0 0 0 0 0
1277396776 16354 0 0 0 0 0 0 0 0 0 0 0 0
1277478270 16373 0 0 0 0 0 0 0 0 0 0 0 0
1277589810 16468 0 0 0 0 0 0 0 0 0 0 0 0
1277590252 16469 0 0 0 0 0 0 0 0 0 0 0 0
1277591240 16477 0 0 0 0 0 0 0 0 0 0 0 0
1277610835 16554 0 0 0 0 0 0 0 0 0 0 0 0
1277611761 16567 0 0 0 0 0 0 0 0 0 0 0 0
1277876405 16789 0 0 0 0 0 0 0 0 0 0 0 0
1277912372 16790 0 0 0 0 0 0 0 0 0 0 0 0
1277915084 16857 0 0 0 0 0 0 0 0 0 0 0 0
1278084764 16885 0 0 0 0 0 0 0 0 0 0 0 0
1278211502 17036 0 0 0 0 0 0 0 0 0 0 0 0
1278211676 17043 0 0 0 0 0 0 0 0 0 0 0 0
1278215845 17051 0 0 0 0 0 0 0 0 0 0 0 0
1278292001 17215 0 0 0 0 0 0 0 0 0 0 0 0
1278307211 17253 0 0 0 0 0 0 0 0 0 0 0 0
1278378008 17354 0 0 0 0 0 0 0 0 0 0 0 0
1278475770 17375 0 0 0 0 0 0 0 0 0 0 0 0
1278476232 17377 0 0 0 0 0 0 0 0 0 0 0 0
1278476465 17378 0 0 0 0 0 0 0 0 0 0 0 0
1278515514 17380 0 0 0 0 0 0 0 0 0 0 0 0
1278521094 17485 0 0 0 0 0 0 0 0 0 0 0 0
1278521331 17485 0 0 0 0 0 0 0 0 0 0 0 0
1278607258 17521 0 0 0 0 0 0 0 0 0 0 0 0
1278690668 17534 0 0 0 0 0 0 0 0 0 0 0 0
1278692191 17540 0 0 0 0 0 0 0 0 0 0 0 0
1278693631 17554 0 0 0 0 0 0 0 0 0 0 0 0
1278812298 17632 0 0 0 0 0 0 0 0 0 0 0 0
1278816873 17656 0 0 0 0 0 0 0 0 0 0 0 0
1279037834 17677 0 0 0 0 0 0 0 0 0 0 0 0
1279038355 17678 0 0 0 0 0 0 0 0 0 0 0 0
1279117905 17689 0 0 0 0 0 0 0 0 0 0 0 0
1279118749 17690 0 0 0 0 0 0 0 0 0 0 0 0
1279455980 17762 0 0 0 0 0 0 0 0 0 0 0 0
1280506871 18274 0 0 0 0 0 0 0 0 0 0 0 0
1280560775 18394 0 0 0 0 0 0 0 0 0 0 0 0
1280561036 18395 0 0 0 0 0 0 0 0 0 0 0 0
1280569300 18401 0 0 0 0 0 0 0 0 0 0 0 0
1280610034 18437 0 0 0 0 0 0 0 0 0 0 0 0
1280610091 18438 0 0 0 0 0 0 0 0 0 0 0 0
1280706265 18448 0 0 0 0 0 0 0 0 0 0 0 0
1280894004 18584 0 0 0 0 0 0 0 0 0 0 0 0
1281024677 18628 0 0 0 0 0 0 0 0 0 0 0 0
1281070129 18645 0 0 0 0 0 0 0 0 0 0 0 0
1281218408 18650 0 0 0 0 0 0 0 0 0 0 0 0
1281410663 18651 0 0 0 0 0 0 0 0 0 0 0 0
1281453570 18701 0 0 0 0 0 0 0 0 0 0 0 0
1282145091 18710 0 0 0 0 0 0 0 0 0 0 0 0
1282145214 18711 0 0 0 0 0 0 0 0 0 0 0 0
1282149816 18766 0 0 0 0 0 0 0 0 0 0 0 0
1282233627 18805 0 0 0 0 0 0 0 0 0 0 0 0
1282234333 18806 0 0 0 0 0 0 0 0 0 0 0 0
1282235493 18816 0 0 0 0 0 0 0 0 0 0 0 0
1282235955 18818 0 0 0 0 0 0 0 0 0 0 0 0
1282314403 18821 0 0 0 0 0 0 0 0 0 0 0 0
1282318598 18821 0 0 0 0 0 0 0 0 0 0 0 0
1282423127 25309 0 0 0 0 0 0 0 0 0 0 0 0
1282423229 25311 0 0 0 0 0 0 0 0 0 0 0 0
1282525981 25311 0 0 0 0 0 0 0 0 0 0 0 0
1282668582 25336 0 0 0 0 0 0 0 0 0 0 0 0
1282702150 25339 0 0 0 0 0 0 0 0 0 0 0 0
1282706100 25426 0 0 0 0 0 0 0 0 0 0 0 0
1282711645 25471 0 0 0 0 0 0 0 0 0 0 0 0
1282713818 25485 0 0 0 0 0 0 0 0 0 0 0 0
1282714969 25488 0 0 0 0 0 0 0 0 0 0 0 0
1282837042 25491 0 0 0 0 0 0 0 0 0 0 0 0
1282887125 25512 0 0 0 0 0 0 0 0 0 0 0 0
1282926797 25556 0 0 0 0 0 0 0 0 0 0 0 0
1283028248 25615 0 0 0 0 0 0 0 0 0 0 0 0
1283185744 25691 0 0 0 0 0 0 0 0 0 0 0 0
1283231870 25752 0 0 0 0 0 0 0 0 0 0 0 0
1283531506 25753 0 0 0 0 0 0 0 0 0 0 0 0
1283870740 25758 0 0 0 0 0 0 0 0 0 0 0 0
1283871421 25760 0 0 0 0 0 0 0 0 0 0 0 0
1283877451 25780 0 0 0 0 0 0 0 0 0 0 0 0
1284103115 25814 0 0 0 0 0 0 0 0 0 0 0 0
1284502908 26624 0 0 0 0 0 0 0 0 0 0 0 0
1284860488 26756 0 0 0 0 0 0 0 0 0 0 0 0
1284998780 26757 0 0 0 0 0 0 0 0 0 0 0 0
1285001104 26763 0 0 0 0 0 0 0 0 0 0 0 0
1285054310 26765 0 0 0 0 0 0 0 0 0 0 0 0
1285130497 26858 0 0 0 0 0 0 0 0 0 0 0 0
1285168884 26861 0 0 0 0 0 0 0 0 0 0 0 0
1285171599 26920 0 0 0 0 0 0 0 0 0 0 0 0
1285777848 27249 0 0 0 0 0 0 0 0 0 0 0 0
1285862295 27255 0 0 0 0 0 0 0 0 0 0 0 0
1285866342 27278 0 0 0 0 0 0 0 0 0 0 0 0
1285946297 27307 0 0 0 0 0 0 0 0 0 0 0 0
1285950972 27371 0 0 0 0 0 0 0 0 0 0 0 0
1286050916 27561 0 0 0 0 0 0 0 0 0 0 0 0
1286059002 27577 0 0 0 0 0 0 0 0 0 0 0 0
1286073827 27645 0 0 0 0 0 0 0 0 0 0 0 0
1286078460 27863 0 0 0 0 0 0 0 0 0 0 0 0
1286258890 27864 0 0 0 0 0 0 0 0 0 0 0 0
1286297087 27929 0 0 0 0 0 0 0 0 0 0 0 0
1286297479 27934 0 0 0 0 0 0 0 0 0 0 0 0
1286378034 27955 0 0 0 0 0 0 0 0 0 0 0 0
1286378555 27965 0 0 0 0 0 0 0 0 0 0 0 0
1286381989 28010 0 0 0 0 0 0 0 0 0 0 0 0
1286418324 28023 0 0 0 0 0 0 0 0 0 0 0 0
1286427561 28081 0 0 0 0 0 0 0 0 0 0 0 0
1286427962 28081 0 0 0 0 0 0 0 0 0 0 0 0
1286431727 28101 0 0 0 0 0 0 0 0 0 0 0 0
1286551034 28204 0 0 0 0 0 0 0 0 0 0 0 0
1286554706 28206 0 0 0 0 0 0 0 0 0 0 0 0
1286555951 28311 0 0 0 0 0 0 0 0 0 0 0 0
1286556135 28313 0 0 0 0 0 0 0 0 0 0 0 0
1286557214 28319 0 0 0 0 0 0 0 0 0 0 0 0
1287724889 29141 0 0 0 0 0 0 0 0 0 0 0 0
1287724930 29318 0 0 0 0 0 0 0 0 0 0 0 0
1287879016 29541 0 0 0 0 0 0 0 0 0 0 0 0
1287973022 29581 0 0 0 0 0 0 0 0 0 0 0 0
1288111715 30031 0 0 0 0 0 0 0 0 0 0 0 0
1288197680 30176 0 0 0 0 0 0 0 0 0 0 0 0
1288282224 30243 0 0 0 0 0 0 0 0 0 0 0 0
1288283689 30259 0 0 0 0 0 0 0 0 0 0 0 0
1288321068 30374 0 0 0 0 0 0 0 0 0 0 0 0
1288365271 30494 0 0 0 0 0 0 0 0 0 0 0 0
1288368563 30535 0 0 0 0 0 0 0 0 0 0 0 0
1288372200 30570 0 0 0 0 0 0 0 0 0 0 0 0
1288418060 30806 0 0 0 0 0 0 0 0 0 0 0 0
1288494426 30810 0 0 0 0 0 0 0 0 0 0 0 0
1288496686 30825 0 0 0 0 0 0 0 0 0 0 0 0
1288512818 30932 0 0 0 0 0 0 0 0 0 0 0 0
1288709154 30996 0 0 0 0 0 0 0 0 0 0 0 0
1288801632 31057 0 0 0 0 0 0 0 0 0 0 0 0
1288802369 31067 0 0 0 0 0 0 0 0 0 0 0 0
1288802700 31075 0 0 0 0 0 0 0 0 0 0 0 0
1288803072 31076 0 0 0 0 0 0 0 0 0 0 0 0
1288891138 31219 0 0 0 0 0 0 0 0 0 0 0 0
1288971819 31295 0 0 0 0 0 0 0 0 0 0 0 0
1288973912 31321 0 0 0 0 0 0 0 0 0 0 0 0
1288975667 31332 0 0 0 0 0 0 0 0 0 0 0 0
1289409298 31457 0 0 0 0 0 0 0 0 0 0 0 0
1289446982 31528 0 0 0 0 0 0 0 0 0 0 0 0
1289585938 31575 0 0 0 0 0 0 0 0 0 0 0 0
1289705322 31693 0 0 0 0 0 0 0 0 0 0 0 0
1289707673 31694 0 0 0 0 0 0 0 0 0 0 0 0
1289791014 31786 0 0 0 0 0 0 0 0 0 0 0 0
1289791926 31794 0 0 0 0 0 0 0 0 0 0 0 0
1289795137 31808 0 0 0 0 0 0 0 0 0 0 0 0
1289795695 31816 0 0 0 0 0 0 0 0 0 0 0 0
1289799984 31821 0 0 0 0 0 0 0 0 0 0 0 0
1289922138 31821 0 0 0 0 0 0 0 0 0 0 0 0
1289923178 31822 0 0 0 0 0 0 0 0 0 0 0 0
1289928349 31824 0 0 0 0 0 0 0 0 0 0 0 0
1289964750 31901 0 0 0 0 0 0 0 0 0 0 0 0
1289977795 31912 0 0 0 0 0 0 0 0 0 0 0 0
1290013530 31919 0 0 0 0 0 0 0 0 0 0 0 0
1290017584 31968 0 0 0 0 0 0 0 0 0 0 0 0
1290063037 32013 0 0 0 0 0 0 0 0 0 0 0 0
1290065142 32022 0 0 0 0 0 0 0 0 0 0 0 0
1290095431 32046 0 0 0 0 0 0 0 0 0 0 0 0
1290097315 32057 0 0 0 0 0 0 0 0 0 0 0 0
1290103936 32071 0 0 0 0 0 0 0 0 0 0 0 0
1290146821 32072 0 0 0 0 0 0 0 0 0 0 0 0
1290187312 32133 0 0 0 0 0 0 0 0 0 0 0 0
1290189762 32165 0 0 0 0 0 0 0 0 0 0 0 0
1290231239 32185 0 0 0 0 0 0 0 0 0 0 0 0
1290395455 32255 0 0 0 0 0 0 0 0 0 0 0 0
1290447670 32339 0 0 0 0 0 0 0 0 0 0 0 0
1290448262 32344 0 0 0 0 0 0 0 0 0 0 0 0
1290448978 32358 0 0 0 0 0 0 0 0 0 0 0 0
1290618509 32370 0 0 0 0 0 0 0 0 0 0 0 0
1290748786 32372 0 0 0 0 0 0 0 0 0 0 0 0
1290843994 32520 0 0 0 0 0 0 0 0 0 0 0 0
1290894913 32536 0 0 0 0 0 0 0 0 0 0 0 0
1290902583 32581 0 0 0 0 0 0 0 0 0 0 0 0
1290914231 32693 0 0 0 0 0 0 0 0 0 0 0 0
1290919350 32735 0 0 0 0 0 0 0 0 0 0 0 0
1290920183 32748 0 0 0 0 0 0 0 0 0 0 0 0
1290936374 32824 0 0 0 0 0 0 0 0 0 0 0 0
1290937538 32825 0 0 0 0 0 0 0 0 0 0 0 0
1290941719 32872 0 0 0 0 0 0 0 0 0 0 0 0
1290941937 32872 0 0 0 0 0 0 0 0 0 0 0 0
1291175725 32894 0 0 0 0 0 0 0 0 0 0 0 0
1291518456 32963 0 0 0 0 0 0 0 0 0 0 0 0
1291659390 33001 0 0 0 0 0 0 0 0 0 0 0 0
1291692921 33002 0 0 0 0 0 0 0 0 0 0 0 0
1291743731 33004 0 0 0 0 0 0 0 0 0 0 0 0
1291743963 33006 0 0 0 0 0 0 0 0 0 0 0 0
1291915525 33079 0 0 0 0 0 0 0 0 0 0 0 0
1291916952 33099 0 0 0 0 0 0 0 0 0 0 0 0
1292113288 33109 0 0 0 0 0 0 0 0 0 0 0 0
1292115774 33111 0 0 0 0 0 0 0 0 0 0 0 0
1292262986 33391 0 0 0 0 0 0 0 0 0 0 0 0
1292263008 33395 0 0 0 0 0 0 0 0 0 0 0 0
1292703732 33396 0 0 0 0 0 0 0 0 0 0 0 0
1292731154 33454 0 0 0 0 0 0 0 0 0 0 0 0
1292731471 33506 0 0 0 0 0 0 0 0 0 0 0 0
1292858482 33535 0 0 0 0 0 0 0 0 0 0 0 0
1293085375 33888 0 0 0 0 0 0 0 0 0 0 0 0
1293086539 33888 0 0 0 0 0 0 0 0 0 0 0 0
1293120935 33916 0 0 0 0 0 0 0 0 0 0 0 0
1293121132 33919 0 0 0 0 0 0 0 0 0 0 0 0
1293764530 34449 0 0 0 0 0 0 0 0 0 0 0 0
1293861385 34464 0 0 0 0 0 0 0 0 0 0 0 0
1293865174 34518 0 0 0 0 0 0 0 0 0 0 0 0
1293865618 34519 0 0 0 0 0 0 0 0 0 0 0 0
1293939512 34612 0 0 0 0 0 0 0 0 0 0 0 0
1293940305 34615 0 0 0 0 0 0 0 0 0 0 0 0
1294004884 34640 0 0 0 0 0 0 0 0 0 0 0 0
1294020052 34651 0 0 0 0 0 0 0 0 0 0 0 0
1294198574 35830 0 0 0 0 0 0 0 0 0 0 0 0
1294249766 35878 0 0 0 0 0 0 0 0 0 0 0 0
1294291819 35899 0 0 0 0 0 0 0 0 0 0 0 0
1294329830 35910 0 0 0 0 0 0 0 0 0 0 0 0
1294333513 35925 0 0 0 0 0 0 0 0 0 0 0 0
1294334962 35929 0 0 0 0 0 0 0 0 0 0 0 0
1294373005 35929 0 0 0 0 0 0 0 0 0 0 0 0
1294373882 35931 0 0 0 0 0 0 0 0 0 0 0 0
1294416509 35936 0 0 0 0 0 0 0 0 0 0 0 0
1294416609 35942 0 0 0 0 0 0 0 0 0 0 0 0
1294418035 35945 0 0 0 0 0 0 0 0 0 0 0 0
1294418405 35946 0 0 0 0 0 0 0 0 0 0 0 0
1294461880 36007 0 0 0 0 0 0 0 0 0 0 0 0
1294466796 36113 0 0 0 0 0 0 0 0 0 0 0 0
1294468508 36113 0 0 0 0 0 0 0 0 0 0 0 0
1294679353 36171 0 0 0 0 0 0 0 0 0 0 0 0
1294763805 36205 0 0 0 0 0 0 0 0 0 0 0 0
1294764211 36211 0 0 0 0 0 0 0 0 0 0 0 0
1294771757 36218 0 0 0 0 0 0 0 0 0 0 0 0
1294807698 36231 0 0 0 0 0 0 0 0 0 0 0 0
1294808169 36231 0 0 0 0 0 0 0 0 0 0 0 0
1294887997 36233 0 0 0 0 0 0 0 0 0 0 0 0
1294888296 36233 0 0 0 0 0 0 0 0 0 0 0 0
1294891500 36285 0 0 0 0 0 0 0 0 0 0 0 0
1294939543 36342 0 0 0 0 0 0 0 0 0 0 0 0
1295121923 36436 0 0 0 0 0 0 0 0 0 0 0 0
1295122520 36439 0 0 0 0 0 0 0 0 0 0 0 0
1295127249 36487 0 0 0 0 0 0 0 0 0 0 0 0
1295127600 36488 0 0 0 0 0 0 0 0 0 0 0 0
1295144133 36506 0 0 0 0 0 0 0 0 0 0 0 0
1295144324 36526 0 0 0 0 0 0 0 0 0 0 0 0
1295492896 36541 0 0 0 0 0 0 0 0 0 0 0 0
1295494080 36543 0 0 0 0 0 0 0 0 0 0 0 0
1295736866 36595 0 0 0 0 0 0 0 0 0 0 0 0
1295737012 36645 0 0 0 0 0 0 0 0 0 0 0 0
1295977617 36859 0 0 0 0 0 0 0 0 0 0 0 0
1296060418 36891 0 0 0 0 0 0 0 0 0 0 0 0
1296147519 37141 0 0 0 0 0 0 0 0 0 0 0 0
1296378360 37158 0 0 0 0 0 0 0 0 0 0 0 0
1297050806 38144 0 0 0 0 0 0 0 0 0 0 0 0
1297659294 38177 0 0 0 0 0 0 0 0 0 0 0 0
1297660096 38185 0 0 0 0 0 0 0 0 0 0 0 0
1297660133 38186 0 0 0 0 0 0 0 0 0 0 0 0
1297872927 38188 0 0 0 0 0 0 0 0 0 0 0 0
1297997670 38206 0 0 0 0 0 0 0 0 0 0 0 0
1298050211 38625 0 0 0 0 0 0 0 0 0 0 0 0
1298103677 38626 0 0 0 0 0 0 0 0 0 0 0 0
1298103958 38736 0 0 0 0 0 0 0 0 0 0 0 0
1298157909 38798 0 0 0 0 0 0 0 0 0 0 0 0
1298268017 39088 0 0 0 0 0 0 0 0 0 0 0 0
1298611060 39156 0 0 0 0 0 0 0 0 0 0 0 0
1298842579 39191 0 0 0 0 0 0 0 0 0 0 0 0
1298842623 39191 0 0 0 0 0 0 0 0 0 0 0 0
1298913086 39230 0 0 0 0 0 0 0 0 0 0 0 0
1298914795 39232 0 0 0 0 0 0 0 0 0 0 0 0
1298950933 39321 0 0 0 0 0 0 0 0 0 0 0 0
1299123460 39362 0 0 0 0 0 0 0 0 0 0 0 0
1299125781 39415 0 0 0 0 0 0 0 0 0 0 0 0
1299126737 39426 0 0 0 0 0 0 0 0 0 0 0 0
1299642791 39702 0 0 0 0 0 0 0 0 0 0 0 0
1299643018 39706 0 0 0 0 0 0 0 0 0 0 0 0
1299992298 40321 0 0 0 0 0 0 0 0 0 0 0 0
1300051463 40324 0 0 0 0 0 0 0 0 0 0 0 0
1300720457 40325 0 0 0 0 0 0 0 0 0 0 0 0
1300725567 40761 0 0 0 0 0 0 0 0 0 0 0 0
1300760316 40769 0 0 0 0 0 0 0 0 0 0 0 0
1300762097 40790 0 0 0 0 0 0 0 0 0 0 0 0
1300850482 40813 0 0 0 0 0 0 0 0 0 0 0 0
1300897112 40857 0 0 0 0 0 0 0 0 0 0 0 0
1301020248 40873 0 0 0 0 0 0 0 0 0 0 0 0
1301194714 40889 0 0 0 0 0 0 0 0 0 0 0 0
1301206079 40989 0 0 0 0 0 0 0 0 0 0 0 0
1301282514 41253 0 0 0 0 0 0 0 0 0 0 0 0
1301328157 41275 0 0 0 0 0 0 0 0 0 0 0 0
1301328522 41285 0 0 0 0 0 0 0 0 0 0 0 0
1301328651 41286 0 0 0 0 0 0 0 0 0 0 0 0
1301329225 41293 0 0 0 0 0 0 0 0 0 0 0 0
1301363604 41296 0 0 0 0 0 0 0 0 0 0 0 0
1301674695 41380 0 0 0 0 0 0 0 0 0 0 0 0
1301708115 41397 0 0 0 0 0 0 0 0 0 0 0 0
1301708873 41405 0 0 0 0 0 0 0 0 0 0 0 0
1301711165 41434 0 0 0 0 0 0 0 0 0 0 0 0
1301774250 41475 0 0 0 0 0 0 0 0 0 0 0 0
1301776778 41483 0 0 0 0 0 0 0 0 0 0 0 0
1301781083 41496 0 0 0 0 0 0 0 0 0 0 0 0
1301781274 41500 0 0 0 0 0 0 0 0 0 0 0 0
1301782213 41504 0 0 0 0 0 0 0 0 0 0 0 0
1301784168 41511 0 0 0 0 0 0 0 0 0 0 0 0
1301785211 41535 0 0 0 0 0 0 0 0 0 0 0 0
1301788275 41536 0 0 0 0 0 0 0 0 0 0 0 0
1301803248 41556 0 0 0 0 0 0 0 0 0 0 0 0
1301804160 41561 0 0 0 0 0 0 0 0 0 0 0 0
1301807050 41582 0 0 0 0 0 0 0 0 0 0 0 0
1301808186 41587 0 0 0 0 0 0 0 0 0 0 0 0
1301810158 41604 0 0 0 0 0 0 0 0 0 0 0 0
1301811179 41612 0 0 0 0 0 0 0 0 0 0 0 0
1301811338 41613 0 0 0 0 0 0 0 0 0 0 0 0
1301812089 41621 0 0 0 0 0 0 0 0 0 0 0 0
1301812586 41628 0 0 0 0 0 0 0 0 0 0 0 0
1301853805 41643 0 0 0 0 0 0 0 0 0 0 0 0
1301855534 41653 0 0 0 0 0 0 0 0 0 0 0 0
1301855920 41654 0 0 0 0 0 0 0 0 0 0 0 0
1301859858 41658 0 0 0 0 0 0 0 0 0 0 0 0
1301930120 41706 0 0 0 0 0 0 0 0 0 0 0 0
1301930551 41706 0 0 0 0 0 0 0 0 0 0 0 0
1301930883 41709 0 0 0 0 0 0 0 0 0 0 0 0
1301970727 41710 0 0 0 0 0 0 0 0 0 0 0 0
1301971338 41716 0 0 0 0 0 0 0 0 0 0 0 0
1301971498 41725 0 0 0 0 0 0 0 0 0 0 0 0
1302139718 41726 0 0 0 0 0 0 0 0 0 0 0 0
1302139811 41729 0 0 0 0 0 0 0 0 0 0 0 0
1302186026 41730 0 0 0 0 0 0 0 0 0 0 0 0
1302624226 41731 0 0 0 0 0 0 0 0 0 0 0 0
1302624900 41743 0 0 0 0 0 0 0 0 0 0 0 0
1302626425 41777 0 0 0 0 0 0 0 0 0 0 0 0
1302705805 41778 0 0 0 0 0 0 0 0 0 0 0 0
1302706736 41781 0 0 0 0 0 0 0 0 0 0 0 0
1303094078 41990 0 0 0 0 0 0 0 0 0 0 0 0
1303350261 41997 0 0 0 0 0 0 0 0 0 0 0 0
1303353008 42000 0 0 0 0 0 0 0 0 0 0 0 0
1303353497 42060 0 0 0 0 0 0 0 0 0 0 0 0
1303399219 42062 0 0 0 0 0 0 0 0 0 0 0 0
1303400344 42062 0 0 0 0 0 0 0 0 0 0 0 0
1303401156 42088 0 0 0 0 0 0 0 0 0 0 0 0
1303403883 42089 0 0 0 0 0 0 0 0 0 0 0 0
1303404135 42089 0 0 0 0 0 0 0 0 0 0 0 0
1303524340 42090 0 0 0 0 0 0 0 0 0 0 0 0
1303524754 42094 0 0 0 0 0 0 0 0 0 0 0 0
1303525130 42102 0 0 0 0 0 0 0 0 0 0 0 0
1303615337 42103 0 0 0 0 0 0 0 0 0 0 0 0
1303615495 42126 0 0 0 0 0 0 0 0 0 0 0 0
1303615841 42127 0 0 0 0 0 0 0 0 0 0 0 0
1303616071 42134 0 0 0 0 0 0 0 0 0 0 0 0
1303672894 42140 0 0 0 0 0 0 0 0 0 0 0 0
1303782673 42142 0 0 0 0 0 0 0 0 0 0 0 0
1303784023 42155 0 0 0 0 0 0 0 0 0 0 0 0
1303784516 42157 0 0 0 0 0 0 0 0 0 0 0 0
1303786327 42185 0 0 0 0 0 0 0 0 0 0 0 0
1303831970 42199 0 0 0 0 0 0 0 0 0 0 0 0
1303833319 42201 0 0 0 0 0 0 0 0 0 0 0 0
1303836614 42249 0 0 0 0 0 0 0 0 0 0 0 0
1303870855 42271 0 0 0 0 0 0 0 0 0 0 0 0
1303917843 42272 0 0 0 0 0 0 0 0 0 0 0 0
1303918360 42281 0 0 0 0 0 0 0 0 0 0 0 0
1303919574 42282 0 0 0 0 0 0 0 0 0 0 0 0
1303921265 42287 0 0 0 0 0 0 0 0 0 0 0 0
1303922500 42297 0 0 0 0 0 0 0 0 0 0 0 0
1303958912 42308 0 0 0 0 0 0 0 0 0 0 0 0
1303963985 42373 0 0 0 0 0 0 0 0 0 0 0 0
1303964454 42374 0 0 0 0 0 0 0 0 0 0 0 0
1303965981 42386 0 0 0 0 0 0 0 0 0 0 0 0
1304309161 42605 0 0 0 0 0 0 0 0 0 0 0 0
1304391579 42735 0 0 0 0 0 0 0 0 0 0 0 0
1304395457 42748 0 0 0 0 0 0 0 0 0 0 0 0
1304396934 42759 0 0 0 0 0 0 0 0 0 0 0 0
1304441272 42761 0 0 0 0 0 0 0 0 0 0 0 0
1304441382 42763 0 0 0 0 0 0 0 0 0 0 0 0
1304527606 42772 0 0 0 0 0 0 0 0 0 0 0 0
1304561456 42774 0 0 0 0 0 0 0 0 0 0 0 0
1304561981 42779 0 0 0 0 0 0 0 0 0 0 0 0
1304562979 42782 0 0 0 0 0 0 0 0 0 0 0 0
1304740802 43032 0 0 0 0 0 0 0 0 0 0 0 0
1304796599 43173 0 0 0 0 0 0 0 0 0 0 0 0
1304833527 43173 0 0 0 0 0 0 0 0 0 0 0 0
1304954927 43176 0 0 0 0 0 0 0 0 0 0 0 0
1304960187 43448 0 0 0 0 0 0 0 0 0 0 0 0
1304992087 43463 0 0 0 0 0 0 0 0 0 0 0 0
1304992558 43465 0 0 0 0 0 0 0 0 0 0 0 0
1304993668 43469 0 0 0 0 0 0 0 0 0 0 0 0
1305003723 43523 0 0 0 0 0 0 0 0 0 0 0 0
1305003861 43526 0 0 0 0 0 0 0 0 0 0 0 0
1305043818 43643 0 0 0 0 0 0 0 0 0 0 0 0
1305044574 43643 0 0 0 0 0 0 0 0 0 0 0 0
1305173408 43649 0 0 0 0 0 0 0 0 0 0 0 0
1305175325 43724 0 0 0 0 0 0 0 0 0 0 0 0
1305212038 43729 0 0 0 0 0 0 0 0 0 0 0 0
1305218279 43766 0 0 0 0 0 0 0 0 0 0 0 0
1305252021 43774 0 0 0 0 0 0 0 0 0 0 0 0
1305252281 43790 0 0 0 0 0 0 0 0 0 0 0 0
1305252871 43792 0 0 0 0 0 0 0 0 0 0 0 0
1305258355 43846 0 0 0 0 0 0 0 0 0 0 0 0
1305258826 43856 0 0 0 0 0 0 0 0 0 0 0 0
1305259048 43860 0 0 0 0 0 0 0 0 0 0 0 0
1305259334 43863 0 0 0 0 0 0 0 0 0 0 0 0
1305259650 43870 0 0 0 0 0 0 0 0 0 0 0 0
1305259981 43873 0 0 0 0 0 0 0 0 0 0 0 0
1305260259 43878 0 0 0 0 0 0 0 0 0 0 0 0
1305297313 43895 0 0 0 0 0 0 0 0 0 0 0 0
1305299833 43899 0 0 0 0 0 0 0 0 0 0 0 0
1305336103 43908 0 0 0 0 0 0 0 0 0 0 0 0
1305336556 43939 0 0 0 0 0 0 0 0 0 0 0 0
1305338691 43958 0 0 0 0 0 0 0 0 0 0 0 0
1305339712 44031 0 0 0 0 0 0 0 0 0 0 0 0
1305340140 44050 0 0 0 0 0 0 0 0 0 0 0 0
1305341058 44050 0 0 0 0 0 0 0 0 0 0 0 0
1305403489 44052 0 0 0 0 0 0 0 0 0 0 0 0
1305405784 44086 0 0 0 0 0 0 0 0 0 0 0 0
1305407516 44096 0 0 0 0 0 0 0 0 0 0 0 0
1305775715 44097 0 0 0 0 0 0 0 0 0 0 0 0
1305824238 44098 0 0 0 0 0 0 0 0 0 0 0 0
1305855214 44099 0 0 0 0 0 0 0 0 0 0 0 0
1305857038 44558 0 0 0 0 0 0 0 0 0 0 0 0
1305908897 44560 0 0 0 0 0 0 0 0 0 0 0 0
1305936137 44564 0 0 0 0 0 0 0 0 0 0 0 0
1305946331 44645 0 0 0 0 0 0 0 0 0 0 0 0
1306010179 44652 0 0 0 0 0 0 0 0 0 0 0 0
1306011560 44655 0 0 0 0 0 0 0 0 0 0 0 0
1306336678 44656 0 0 0 0 0 0 0 0 0 0 0 0
1306341599 44764 0 0 0 0 0 0 0 0 0 0 0 0
1306418557 44765 0 0 0 0 0 0 0 0 0 0 0 0
1306420045 44766 0 0 0 0 0 0 0 0 0 0 0 0
1306423363 44771 0 0 0 0 0 0 0 0 0 0 0 0
1306501220 44771 1 0 0 0 0 0 0 0 0 0 0 0
1306501285 44771 115 0 0 0 0 0 0 0 0 0 0 0
1306501560 44771 116 0 0 0 0 0 0 0 0 0 0 0
1306589355 44771 176 0 0 0 0 0 0 0 0 0 0 0
1306665154 44771 259 0 0 0 0 0 0 0 0 0 0 0
1306701202 44771 427 0 0 0 0 0 0 0 0 0 0 0
1306772758 44775 427 0 0 0 0 0 0 0 0 0 0 0
1306791083 44775 563 0 0 0 0 0 0 0 0 0 0 0
1306791487 44775 564 0 0 0 0 0 0 0 0 0 0 0
1306832569 44775 713 0 0 0 0 0 0 0 0 0 0 0
1306926806 44775 730 0 0 0 0 0 0 0 0 0 0 0
1306929987 44775 766 0 0 0 0 0 0 0 0 0 0 0
1306930355 44775 766 0 0 0 0 0 0 0 0 0 0 0
1307010487 44775 783 0 0 0 0 0 0 0 0 0 0 0
1307030385 44812 783 0 0 0 0 0 0 0 0 0 0 0
1307220729 45205 783 0 0 0 0 0 0 0 0 0 0 0
1307221523 45224 783 0 0 0 0 0 0 0 0 0 0 0
1307244016 45226 783 0 0 0 0 0 0 0 0 0 0 0
1307247755 45228 783 0 0 0 0 0 0 0 0 0 0 0
1307248677 45229 783 0 0 0 0 0 0 0 0 0 0 0
1307249277 45235 783 0 0 0 0 0 0 0 0 0 0 0
1307290248 45235 1512 0 0 0 0 0 0 0 0 0 0 0
1307290429 45235 1512 0 0 0 0 0 0 0 0 0 0 0
1307292803 45235 1534 0 0 0 0 0 0 0 0 0 0 0
1307442696 45235 1600 0 0 0 0 0 0 0 0 0 0 0
1307547687 45235 1680 0 0 0 0 0 0 0 0 0 0 0
1307547760 45235 1682 0 0 0 0 0 0 0 0 0 0 0
1307547822 45235 1685 0 0 0 0 0 0 0 0 0 0 0
1307547892 45235 1686 0 0 0 0 0 0 0 0 0 0 0
1307720068 45270 1686 0 0 0 0 0 0 0 0 0 0 0
1307720214 45284 1686 0 0 0 0 0 0 0 0 0 0 0
1307756302 45285 1686 0 0 0 0 0 0 0 0 0 0 0
1307756364 45338 1686 0 0 0 0 0 0 0 0 0 0 0
1307821076 45339 1686 0 0 0 0 0 0 0 0 0 0 0
1307821369 45381 1686 0 0 0 0 0 0 0 0 0 0 0
1307827367 45418 1686 0 0 0 0 0 0 0 0 0 0 0
1307843582 45494 1686 0 0 0 0 0 0 0 0 0 0 0
1307845181 45544 1686 0 0 0 0 0 0 0 0 0 0 0
1307850934 45699 1686 0 0 0 0 0 0 0 0 0 0 0
1307905883 45849 1686 0 0 0 0 0 0 0 0 0 0 0
1307909916 46017 1686 0 0 0 0 0 0 0 0 0 0 0
1307911693 46102 1686 0 0 0 0 0 0 0 0 0 0 0
1307912911 46255 1686 0 0 0 0 0 0 0 0 0 0 0
1307925559 46329 1686 0 0 0 0 0 0 0 0 0 0 0
1307928533 46378 1686 0 0 0 0 0 0 0 0 0 0 0
1307928625 46381 1686 0 0 0 0 0 0 0 0 0 0 0
1307996227 46381 1701 0 0 0 0 0 0 0 0 0 0 0
1307996953 46381 1988 0 0 0 0 0 0 0 0 0 0 0
1308001289 46381 2131 0 0 0 0 0 0 0 0 0 0 0
1308001710 46381 2140 0 0 0 0 0 0 0 0 0 0 0
1308019617 46382 2140 0 0 0 0 0 0 0 0 0 0 0
1308022556 46382 2140 0 0 0 0 0 0 0 0 0 0 0
1308023266 46382 2140 0 0 0 0 0 0 0 0 0 0 0
1308068000 46440 2140 0 0 0 0 0 0 0 0 0 0 0
1308151246 46449 2140 0 0 0 0 0 0 0 0 0 0 0
1308151410 46498 2140 0 0 0 0 0 0 0 0 0 0 0
1308234914 46499 2140 0 0 0 0 0 0 0 0 0 0 0
1308236280 46505 2140 0 0 0 0 0 0 0 0 0 0 0
1308244310 46562 2140 0 0 0 0 0 0 0 0 0 0 0
1308282825 46625 2140 0 0 0 0 0 0 0 0 0 0 0
1308329209 46649 2140 0 0 0 0 0 0 0 0 0 0 0
1308364176 46664 2140 0 0 0 0 0 0 0 0 0 0 0
1308366295 46670 2140 0 0 0 0 0 0 0 0 0 0 0
1308366415 46672 2140 0 0 0 0 0 0 0 0 0 0 0
1308367076 46676 2140 0 0 0 0 0 0 0 0 0 0 0
1308407763 46676 2219 0 0 0 0 0 0 0 0 0 0 0
1308408099 46676 2223 0 0 0 0 0 0 0 0 0 0 0
1308437937 46679 2223 0 0 0 0 0 0 0 0 0 0 0
1308438090 46682 2223 0 0 0 0 0 0 0 0 0 0 0
1308443763 46703 2223 0 0 0 0 0 0 0 0 0 0 0
1308447122 46720 2223 0 0 0 0 0 0 0 0 0 0 0
1308447345 46764 2223 0 0 0 0 0 0 0 0 0 0 0
1308447645 46770 2223 0 0 0 0 0 0 0 0 0 0 0
1308450662 46817 2223 0 0 0 0 0 0 0 0 0 0 0
1308469477 46817 2276 0 0 0 0 0 0 0 0 0 0 0
1308514230 46860 2276 0 0 0 0 0 0 0 0 0 0 0
1308518095 46883 2276 0 0 0 0 0 0 0 0 0 0 0
1308518684 46887 2276 0 0 0 0 0 0 0 0 0 0 0
1308520343 46896 2276 0 0 0 0 0 0 0 0 0 0 0
1308521514 46911 2276 0 0 0 0 0 0 0 0 0 0 0
1308521993 46918 2276 0 0 0 0 0 0 0 0 0 0 0
1308570905 46918 2342 0 0 0 0 0 0 0 0 0 0 0
1308575670 46918 2400 0 0 0 0 0 0 0 0 0 0 0
1308656298 46918 2431 0 0 0 0 0 0 0 0 0 0 0
1308687350 46918 2438 0 0 0 0 0 0 0 0 0 0 0
1308712449 47053 2438 0 0 0 0 0 0 0 0 0 0 0
1308757485 47065 2438 0 0 0 0 0 0 0 0 0 0 0
1308793277 47066 2438 0 0 0 0 0 0 0 0 0 0 0
1308794285 47067 2438 0 0 0 0 0 0 0 0 0 0 0
1308842545 47068 2438 0 0 0 0 0 0 0 0 0 0 0
1308844280 47076 2438 0 0 0 0 0 0 0 0 0 0 0
1308845011 47087 2438 0 0 0 0 0 0 0 0 0 0 0
1308971125 47324 2438 0 0 0 0 0 0 0 0 0 0 0
1308995914 47324 2485 0 0 0 0 0 0 0 0 0 0 0
1308996415 47324 2489 0 0 0 0 0 0 0 0 0 0 0
1308996534 47324 2491 0 0 0 0 0 0 0 0 0 0 0
1309037059 47324 2515 0 0 0 0 0 0 0 0 0 0 0
1309042969 47324 2518 0 0 0 0 0 0 0 0 0 0 0
1309050220 47324 2525 0 0 0 0 0 0 0 0 0 0 0
1309050642 47324 2527 0 0 0 0 0 0 0 0 0 0 0
1309122275 47367 2527 0 0 0 0 0 0 0 0 0 0 0
1309190047 47534 2527 0 0 0 0 0 0 0 0 0 0 0
1309193952 47541 2527 0 0 0 0 0 0 0 0 0 0 0
1309272198 47544 2527 0 0 0 0 0 0 0 0 0 0 0
1309276355 47551 2527 0 0 0 0 0 0 0 0 0 0 0
1309281650 47552 2527 0 0 0 0 0 0 0 0 0 0 0
1309320365 47684 2527 0 0 0 0 0 0 0 0 0 0 0
1309366935 47722 2527 0 0 0 0 0 0 0 0 0 0 0
1309398713 47723 2527 0 0 0 0 0 0 0 0 0 0 0
1309400587 47730 2527 0 0 0 0 0 0 0 0 0 0 0
1309400821 47731 2527 0 0 0 0 0 0 0 0 0 0 0
1309403586 47894 2527 0 0 0 0 0 0 0 0 0 0 0
1309404528 47898 2527 0 0 0 0 0 0 0 0 0 0 0
1309535497 47899 2527 0 0 0 0 0 0 0 0 0 0 0
1309540560 47947 2527 0 0 0 0 0 0 0 0 0 0 0
1309560387 47956 2527 0 0 0 0 0 0 0 0 0 0 0
1309561040 47962 2527 0 0 0 0 0 0 0 0 0 0 0
1309562723 47979 2527 0 0 0 0 0 0 0 0 0 0 0
1309714791 47996 2527 0 0 0 0 0 0 0 0 0 0 0
1309737293 48020 2527 0 0 0 0 0 0 0 0 0 0 0
1309740709 48034 2527 0 0 0 0 0 0 0 0 0 0 0
1309741716 48054 2527 0 0 0 0 0 0 0 0 0 0 0
1309742002 48061 2527 0 0 0 0 0 0 0 0 0 0 0
1309748786 48076 2527 0 0 0 0 0 0 0 0 0 0 0
1309779518 48076 2531 0 0 0 0 0 0 0 0 0 0 0
1309793882 48076 2531 0 0 0 0 0 0 0 0 0 0 0
1309820094 48076 2532 0 0 0 0 0 0 0 0 0 0 0
1309844719 48300 2532 0 0 0 0 0 0 0 0 0 0 0
1309861527 48300 2600 0 0 0 0 0 0 0 0 0 0 0
1309861605 48300 2600 0 0 0 0 0 0 0 0 0 0 0
1309901016 48301 2600 0 0 0 0 0 0 0 0 0 0 0
1309901739 48302 2600 0 0 0 0 0 0 0 0 0 0 0
1309921247 48379 2600 0 0 0 0 0 0 0 0 0 0 0
1309990005 48403 2600 0 0 0 0 0 0 0 0 0 0 0
1309999860 48517 2600 0 0 0 0 0 0 0 0 0 0 0
1310131976 48517 2640 0 0 0 0 0 0 0 0 0 0 0
1310167817 48568 2640 0 0 0 0 0 0 0 0 0 0 0
1310174160 48587 2640 0 0 0 0 0 0 0 0 0 0 0
1310212524 48587 2646 0 0 0 0 0 0 0 0 0 0 0
1310212851 48587 2647 0 0 0 0 0 0 0 0 0 0 0
1310213389 48587 2649 0 0 0 0 0 0 0 0 0 0 0
1310218508 48587 2717 0 0 0 0 0 0 0 0 0 0 0
1310219216 48587 2743 0 0 0 0 0 0 0 0 0 0 0
1310219466 48587 2745 0 0 0 0 0 0 0 0 0 0 0
1310219869 48587 2746 0 0 0 0 0 0 0 0 0 0 0
1310252919 48639 2746 0 0 0 0 0 0 0 0 0 0 0
1310253667 48645 2746 0 0 0 0 0 0 0 0 0 0 0
1310255588 48724 2746 0 0 0 0 0 0 0 0 0 0 0
1310256262 48727 2746 0 0 0 0 0 0 0 0 0 0 0
1310257418 48731 2746 0 0 0 0 0 0 0 0 0 0 0
1310259794 48751 2746 0 0 0 0 0 0 0 0 0 0 0
1310260486 48760 2746 0 0 0 0 0 0 0 0 0 0 0
1310261112 48769 2746 0 0 0 0 0 0 0 0 0 0 0
1310261854 48770 2746 0 0 0 0 0 0 0 0 0 0 0
1310262237 48778 2746 0 0 0 0 0 0 0 0 0 0 0
1310307881 48778 2789 0 0 0 0 0 0 0 0 0 0 0
1310309266 48778 2797 0 0 0 0 0 0 0 0 0 0 0
1310312636 48802 2844 0 0 0 0 0 0 0 0 0 0 0
1310328251 48802 2859 0 0 0 0 0 0 0 0 0 0 0
1310340082 48809 2859 0 0 0 0 0 0 0 0 0 0 0
1310340471 48815 2859 0 0 0 0 0 0 0 0 0 0 0
1310344171 48835 2859 0 0 0 0 0 0 0 0 0 0 0
1310349364 48884 2859 0 0 0 0 0 0 0 0 0 0 0
1310366136 48955 2859 0 0 0 0 0 0 0 0 0 0 0
1310367378 48961 2859 0 0 0 0 0 0 0 0 0 0 0
1310404844 49026 2859 0 0 0 0 0 0 0 0 0 0 0
1310413477 49150 2859 0 0 0 0 0 0 0 0 0 0 0
1310415617 49151 2859 0 0 0 0 0 0 0 0 0 0 0
1310416025 49159 2859 0 0 0 0 0 0 0 0 0 0 0
1310420519 49169 2859 0 0 0 0 0 0 0 0 0 0 0
1310446559 49227 2859 0 0 0 0 0 0 0 0 0 0 0
1310488848 49236 2859 0 0 0 0 0 0 0 0 0 0 0
1310489311 49242 2859 0 0 0 0 0 0 0 0 0 0 0
1310489918 49256 2859 0 0 0 0 0 0 0 0 0 0 0
1310490569 49260 2859 0 0 0 0 0 0 0 0 0 0 0
1310491305 49269 2859 0 0 0 0 0 0 0 0 0 0 0
1310491612 49271 2859 0 0 0 0 0 0 0 0 0 0 0
1310542507 49311 2859 0 0 0 0 0 0 0 0 0 0 0
1310543229 49313 2859 0 0 0 0 0 0 0 0 0 0 0
1310550253 49313 2863 0 0 0 0 0 0 0 0 0 0 0
1310613831 49314 2863 0 0 0 0 0 0 0 0 0 0 0
1310616793 49315 2863 0 0 0 0 0 0 0 0 0 0 0
1310618176 49316 2863 0 0 0 0 0 0 0 0 0 0 0
1310634518 49316 2985 0 0 0 0 0 0 0 0 0 0 0
1310634955 49316 3000 0 0 0 0 0 0 0 0 0 0 0
1310638350 49316 3137 0 0 0 0 0 0 0 0 0 0 0
1310690545 49316 3137 0 0 0 0 0 0 0 0 0 0 0
1310690959 49319 3274 0 0 0 0 0 0 0 0 0 0 0
1310757439 49319 3275 0 0 0 0 0 0 0 0 0 0 0
1310759382 49319 3283 0 0 0 0 0 0 0 0 0 0 0
1310759607 49319 3958 0 0 0 0 0 0 0 0 0 0 0
1310760384 49319 3958 0 0 0 0 0 0 0 0 0 0 0
1310764450 49319 3960 0 0 0 0 0 0 0 0 0 0 0
1310858237 49319 3965 0 0 0 0 0 0 0 0 0 0 0
1310860663 49319 4078 0 0 0 0 0 0 0 0 0 0 0
1310861156 49319 4088 0 0 0 0 0 0 0 0 0 0 0
1310878515 49321 4088 0 0 0 0 0 0 0 0 0 0 0
1310880586 49339 4088 0 0 0 0 0 0 0 0 0 0 0
1310882422 49392 4088 0 0 0 0 0 0 0 0 0 0 0
1310888700 49395 4088 0 0 0 0 0 0 0 0 0 0 0
1310901061 49395 4097 0 0 0 0 0 0 0 0 0 0 0
1310901864 49395 4099 0 0 0 0 0 0 0 0 0 0 0
1310904938 49395 4099 0 0 0 0 0 0 0 0 0 0 0
1311092303 49398 4099 0 0 0 0 0 0 0 0 0 0 0
1311092996 49405 4099 0 0 0 0 0 0 0 0 0 0 0
1311159069 49405 4099 0 0 0 0 0 0 0 0 0 0 0
1311163497 49405 4277 0 0 0 0 0 0 0 0 0 0 0
1311173063 49418 4277 0 0 0 0 0 0 0 0 0 0 0
1311203356 49418 4384 0 0 0 0 0 0 0 0 0 0 0
1311285805 49418 4432 0 0 0 0 0 0 0 0 0 0 0
1311289711 49418 4488 0 0 0 0 0 0 0 0 0 0 0
1311384005 49418 4518 0 0 0 0 0 0 0 0 0 0 0
1311461867 49418 4535 0 0 0 0 0 0 0 0 0 0 0
1311467110 49418 4617 0 0 0 0 0 0 0 0 0 0 0
1311728056 49418 4679 0 0 0 0 0 0 0 0 0 0 0
1311729652 49734 4679 0 0 0 0 0 0 0 0 0 0 0
1311732923 49734 4716 0 0 0 0 0 0 0 0 0 0 0
1311733611 49738 4716 0 0 0 0 0 0 0 0 0 0 0
1311772753 49750 4716 0 0 0 0 0 0 0 0 0 0 0
1311777874 49833 4716 0 0 0 0 0 0 0 0 0 0 0
1311790231 49834 4716 0 0 0 0 0 0 0 0 0 0 0
1311793802 49925 4716 0 0 0 0 0 0 0 0 0 0 0
1311798940 49926 4716 0 0 0 0 0 0 0 0 0 0 0
1311799178 49937 4716 0 0 0 0 0 0 0 0 0 0 0
1311852925 49937 4778 0 0 0 0 0 0 0 0 0 0 0
1311941358 49937 4844 0 0 0 0 0 0 0 0 0 0 0
1312017907 49937 4878 0 0 0 0 0 0 0 0 0 0 0
1312018449 49937 4898 0 0 0 0 0 0 0 0 0 0 0
1312019870 49937 4931 0 0 0 0 0 0 0 0 0 0 0
1312023221 49937 4951 0 0 0 0 0 0 0 0 0 0 0
1312023330 49937 4958 0 0 0 0 0 0 0 0 0 0 0
1312023446 49937 4966 0 0 0 0 0 0 0 0 0 0 0
1312023991 49937 4982 0 0 0 0 0 0 0 0 0 0 0
1312024281 49937 4994 0 0 0 0 0 0 0 0 0 0 0
1312024531 49937 5009 0 0 0 0 0 0 0 0 0 0 0
1312053847 49937 5027 0 0 0 0 0 0 0 0 0 0 0
1312055380 49937 5037 0 0 0 0 0 0 0 0 0 0 0
1312056317 49937 5099 0 0 0 0 0 0 0 0 0 0 0
1312056423 49937 5100 0 0 0 0 0 0 0 0 0 0 0
1312109250 49937 5110 0 0 0 0 0 0 0 0 0 0 0
1312157481 49937 5122 0 0 0 0 0 0 0 0 0 0 0
1312157549 49946 5123 0 0 0 0 0 0 0 0 0 0 0
1312295943 49946 5123 0 0 0 0 0 0 0 0 0 0 0
1312388848 50007 5123 0 0 0 0 0 0 0 0 0 0 0
1312670100 50030 5123 0 0 0 0 0 0 0 0 0 0 0
1312672447 50031 5123 0 0 0 0 0 0 0 0 0 0 0
1312673086 50032 5123 0 0 0 0 0 0 0 0 0 0 0
1312673872 50032 5123 0 0 0 0 0 0 0 0 0 0 0
1312814775 50034 5123 0 0 0 0 0 0 0 0 0 0 0
1312817448 50087 5123 0 0 0 0 0 0 0 0 0 0 0
1312818178 50089 5123 0 0 0 0 0 0 0 0 0 0 0
1312818615 50092 5123 0 0 0 0 0 0 0 0 0 0 0
1312995313 50227 5123 0 0 0 0 0 0 0 0 0 0 0
1313075885 50231 5123 0 0 0 0 0 0 0 0 0 0 0
1313076248 50231 5123 0 0 0 0 0 0 0 0 0 0 0
1313077743 50245 5123 0 0 0 0 0 0 0 0 0 0 0
1313078638 50246 5123 0 0 0 0 0 0 0 0 0 0 0
1313081816 50264 5123 0 0 0 0 0 0 0 0 0 0 0
1313167723 50292 5123 0 0 0 0 0 0 0 0 0 0 0
1313168180 50293 5123 0 0 0 0 0 0 0 0 0 0 0
1313168378 50295 5123 0 0 0 0 0 0 0 0 0 0 0
1313274068 50307 5123 0 0 0 0 0 0 0 0 0 0 0
1313428260 50555 5123 0 0 0 0 0 0 0 0 0 0 0
1313601373 50714 5123 0 0 0 0 0 0 0 0 0 0 0
1313684817 50729 5123 0 0 0 0 0 0 0 0 0 0 0
1314117254 50839 5123 0 0 0 0 0 0 0 0 0 0 0
1314119247 50888 5123 0 0 0 0 0 0 0 0 0 0 0
1314205644 51125 5123 0 0 0 0 0 0 0 0 0 0 0
1314292524 51191 5123 0 0 0 0 0 0 0 0 0 0 0
1314321568 51200 5123 0 0 0 0 0 0 0 0 0 0 0
1314321979 51204 5123 0 0 0 0 0 0 0 0 0 0 0
1314370496 51208 5123 0 0 0 0 0 0 0 0 0 0 0
1314372236 51228 5123 0 0 0 0 0 0 0 0 0 0 0
1314379695 51391 5123 0 0 0 0 0 0 0 0 0 0 0
1314568663 51430 5123 0 0 0 0 0 0 0 0 0 0 0
1314578477 51546 5123 0 0 0 0 0 0 0 0 0 0 0
1314581236 51598 5123 0 0 0 0 0 0 0 0 0 0 0
1314581897 51612 5123 0 0 0 0 0 0 0 0 0 0 0
1314636615 51733 5123 0 0 0 0 0 0 0 0 0 0 0
1314722513 51798 5123 0 0 0 0 0 0 0 0 0 0 0
1314722985 51805 5123 0 0 0 0 0 0 0 0 0 0 0
1314723451 51813 5123 0 0 0 0 0 0 0 0 0 0 0
1314756595 51844 5123 0 0 0 0 0 0 0 0 0 0 0
1314761798 51888 5123 0 0 0 0 0 0 0 0 0 0 0
1314934469 51934 5123 0 0 0 0 0 0 0 0 0 0 0
1315084616 51978 5123 0 0 0 0 0 0 0 0 0 0 0
1315414829 52008 5123 0 0 0 0 0 0 0 0 0 0 0
1315497951 52017 5123 0 0 0 0 0 0 0 0 0 0 0
1315841221 52026 5123 0 0 0 0 0 0 0 0 0 0 0
1315841786 52031 5123 0 0 0 0 0 0 0 0 0 0 0
1315847272 52106 5123 0 0 0 0 0 0 0 0 0 0 0
1315880834 52198 5123 0 0 0 0 0 0 0 0 0 0 0
1315881898 52202 5123 0 0 0 0 0 0 0 0 0 0 0
1315884183 52335 5123 0 0 0 0 0 0 0 0 0 0 0
1315928576 52341 5123 0 0 0 0 0 0 0 0 0 0 0
1315929509 52352 5123 0 0 0 0 0 0 0 0 0 0 0
1315931670 52367 5123 0 0 0 0 0 0 0 0 0 0 0
1316017193 52467 5123 0 0 0 0 0 0 0 0 0 0 0
1316019364 52496 5123 0 0 0 0 0 0 0 0 0 0 0
1316101651 52530 5123 0 0 0 0 0 0 0 0 0 0 0
1316104739 52567 5123 0 0 0 0 0 0 0 0 0 0 0
1316105939 52591 5123 0 0 0 0 0 0 0 0 0 0 0
1316301279 52667 5123 0 0 0 0 0 0 0 0 0 0 0
1316303686 52692 5123 0 0 0 0 0 0 0 0 0 0 0
1316400221 52718 5123 0 0 0 0 0 0 0 0 0 0 0
1316402337 52731 5123 0 0 0 0 0 0 0 0 0 0 0
1316402445 52734 5123 0 0 0 0 0 0 0 0 0 0 0
1316403415 52747 5123 0 0 0 0 0 0 0 0 0 0 0
1316404786 52767 5123 0 0 0 0 0 0 0 0 0 0 0
1316405709 52798 5123 0 0 0 0 0 0 0 0 0 0 0
1316406192 52807 5123 0 0 0 0 0 0 0 0 0 0 0
1316406659 52816 5123 0 0 0 0 0 0 0 0 0 0 0
1316407193 52835 5123 0 0 0 0 0 0 0 0 0 0 0
1316407401 52838 5123 0 0 0 0 0 0 0 0 0 0 0
1316442527 52844 5123 0 0 0 0 0 0 0 0 0 0 0
1316443947 52854 5123 0 0 0 0 0 0 0 0 0 0 0
1316445012 52878 5123 0 0 0 0 0 0 0 0 0 0 0
1316445351 52879 5123 0 0 0 0 0 0 0 0 0 0 0
1316446151 52884 5123 0 0 0 0 0 0 0 0 0 0 0
1316446631 52889 5123 0 0 0 0 0 0 0 0 0 0 0
1316446979 52892 5123 0 0 0 0 0 0 0 0 0 0 0
1316448931 52922 5123 0 0 0 0 0 0 0 0 0 0 0
1316451588 52987 5123 0 0 0 0 0 0 0 0 0 0 0
1316620872 52988 5123 0 0 0 0 0 0 0 0 0 0 0
1316622808 53174 5123 0 0 0 0 0 0 0 0 0 0 0
1316894079 53175 5123 0 0 0 0 0 0 0 0 0 0 0
1316894600 53181 5123 0 0 0 0 0 0 0 0 0 0 0
1316895294 53185 5123 0 0 0 0 0 0 0 0 0 0 0
1316900005 53188 5123 0 0 0 0 0 0 0 0 0 0 0
1316900615 53195 5123 0 0 0 0 0 0 0 0 0 0 0
1316903258 53199 5123 0 0 0 0 0 0 0 0 0 0 0
1316906062 53210 5123 0 0 0 0 0 0 0 0 0 0 0
1316907827 53211 5123 0 0 0 0 0 0 0 0 0 0 0
1316908586 53224 5123 0 0 0 0 0 0 0 0 0 0 0
1316910545 53230 5123 0 0 0 0 0 0 0 0 0 0 0
1316912005 53233 5123 0 0 0 0 0 0 0 0 0 0 0
1316986228 53271 5123 0 0 0 0 0 0 0 0 0 0 0
1317009144 53275 5123 0 0 0 0 0 0 0 0 0 0 0
1317046252 53280 5123 0 0 0 0 9 0 0 0 0 0 0
1317220303 53281 5123 0 0 0 0 9 0 0 0 0 0 0
1317229947 53282 5123 0 0 0 0 9 0 0 0 0 0 0
1317309640 53287 5123 0 0 0 0 9 0 0 0 0 0 0
1317310073 53289 5123 0 0 0 0 9 0 0 0 0 0 0
1317311077 53293 5123 0 0 0 0 9 0 0 0 0 0 0
1317312868 53297 5123 0 0 0 0 9 0 0 0 0 0 0
1317610601 53302 5123 0 0 0 0 9 0 0 0 0 0 0
1318004294 53315 5123 0 0 0 0 9 0 0 0 0 0 0
1318348025 53335 5123 0 0 0 0 9 0 0 0 0 0 0
1318349440 53336 5123 0 0 0 0 9 0 0 0 0 0 0
1318711423 53337 5123 0 0 0 0 9 0 0 0 0 0 0
1318712612 53354 5123 0 0 0 0 9 0 0 0 0 0 0
1318720697 53362 5123 0 0 0 0 9 0 0 0 0 0 0
1319691363 53389 5123 0 0 0 0 9 0 0 0 0 0 0
1322676835 53437 5123 0 0 0 0 9 0 0 0 0 0 0
1322678175 53460 5123 0 0 0 0 9 0 0 0 0 0 0
1322703478 53460 5123 0 0 0 0 9 1 0 0 0 0 0
1322753542 53461 5123 0 0 0 0 9 1 0 0 0 0 0
1323272179 53468 5123 0 0 0 0 9 1 0 0 0 0 0
1323276130 53493 5123 0 0 0 0 9 1 0 0 0 0 0
1323278249 53511 5123 0 0 0 0 9 1 0 0 0 0 0
1323279274 53512 5123 0 0 0 0 9 1 0 0 0 0 0
1323280583 53519 5123 0 0 0 0 9 1 0 0 0 0 0
1324247749 53524 5123 0 0 0 0 9 1 0 0 0 0 0
1324247890 53525 5123 0 0 0 0 9 1 0 0 0 0 0
1324656714 53532 5123 0 0 0 0 9 1 0 0 0 0 0
1325961514 53541 5123 0 0 0 0 9 1 0 0 0 0 0
1330480881 53541 5123 0 0 0 0 9 1 6 0 0 0 0
1330529700 53546 5123 0 0 0 0 9 1 6 0 0 0 0
1333638849 53547 5123 0 0 0 0 9 1 6 0 0 0 0
1334886630 54633 5123 0 0 0 0 9 1 6 0 0 0 0
1335492638 54643 5123 0 0 0 0 9 1 6 0 0 0 0
1335493098 54644 5123 0 0 0 0 9 1 6 0 0 0 0
1335493884 54740 5123 0 0 0 0 9 1 6 0 0 0 0
1335496873 54742 5123 0 0 0 0 9 1 6 0 0 0 0
1335544339 54765 5123 0 0 0 0 9 1 6 0 0 0 0
1335671344 54788 5123 0 0 0 0 9 1 6 0 0 0 0
1335727361 54789 5123 0 0 0 0 9 1 6 0 0 0 0
1335727416 54791 5123 0 0 0 0 9 1 6 0 0 0 0
1335967511 54792 5123 0 0 0 0 9 1 6 0 0 0 0
1338234145 54797 5123 0 0 0 0 9 1 6 0 0 0 0
1347840787 54805 5123 0 0 0 0 9 1 6 0 0 0 0
1350158069 54808 5123 0 0 0 0 9 1 6 0 0 0 0
1355158992 54860 5123 0 0 0 0 9 1 6 0 0 0 0
1355244206 54938 5123 0 0 0 0 9 1 6 0 0 0 0
1355282392 54973 5123 0 0 0 0 9 1 6 0 0 0 0
1355284360 55034 5123 0 0 0 0 9 1 6 0 0 0 0
1355284657 55036 5123 0 0 0 0 9 1 6 0 0 0 0
1355284962 55040 5123 0 0 0 0 9 1 6 0 0 0 0
1355285711 55041 5123 0 0 0 0 9 1 6 0 0 0 0
1355286151 55044 5123 0 0 0 0 9 1 6 0 0 0 0
1355286321 55045 5123 0 0 0 0 9 1 6 0 0 0 0
1355286431 55046 5123 0 0 0 0 9 1 6 0 0 0 0
1355331004 55085 5123 0 0 0 0 9 1 6 0 0 0 0
1355332499 55106 5123 0 0 0 0 9 1 6 0 0 0 0
1355332691 55107 5123 0 0 0 0 9 1 6 0 0 0 0
1355630150 55120 5123 0 0 0 0 9 1 6 0 0 0 0
1355630360 55121 5123 0 0 0 0 9 1 6 0 0 0 0
1355686332 55136 5123 0 0 0 0 9 1 6 0 0 0 0
1355693394 55137 5123 0 0 0 0 9 1 6 0 0 0 0
1355694556 55161 5123 0 0 0 0 9 1 6 0 0 0 0
1355695945 55182 5123 0 0 0 0 9 1 6 0 0 0 0
1355711535 55302 5123 0 0 0 0 9 1 6 0 0 0 0
1355712856 55304 5123 0 0 0 0 9 1 6 0 0 0 0
1355712991 55311 5123 0 0 0 0 9 1 6 0 0 0 0
1355713744 55315 5123 0 0 0 0 9 1 6 0 0 0 0
1355716009 55368 5123 0 0 0 0 9 1 6 0 0 0 0
1355716453 55369 5123 0 0 0 0 9 1 6 0 0 0 0
1355717164 55390 5123 0 0 0 0 9 1 6 0 0 0 0
1355717576 55390 5123 0 0 0 0 9 1 6 0 0 0 0
1355718446 55390 5123 0 0 0 0 9 1 6 0 0 0 0
1355846967 55396 5123 0 0 0 0 9 1 6 0 0 0 0
1355848157 55397 5123 0 0 0 0 9 1 6 0 0 0 0
1355849197 55401 5123 0 0 0 0 9 1 6 0 0 0 0
1355934183 55474 5123 0 0 0 0 9 1 6 0 0 0 0
1357077486 55962 5123 0 0 0 0 9 1 6 0 0 0 0
1357146597 56104 5123 0 0 0 0 9 1 6 0 0 0 0
1357181184 56126 5123 0 0 0 0 9 1 6 0 0 0 0
1357182267 56136 5123 0 0 0 0 9 1 6 0 0 0 0
1357183259 56149 5123 0 0 0 0 9 1 6 0 0 0 0
1357188344 56195 5123 0 0 0 0 9 1 6 0 0 0 0
1357235640 56294 5123 0 0 0 0 9 1 6 0 0 0 0
1357826531 56294 5123 0 0 0 0 9 1 6 0 0 1 0
1358063279 56297 5123 0 0 0 0 9 1 6 0 0 1 0
1358136039 56298 5123 0 0 0 0 9 1 6 0 0 1 0
1358137448 56319 5123 0 0 0 0 9 1 6 0 0 1 0
1358141253 56320 5123 0 0 0 0 9 1 6 0 0 1 0
1358231504 56320 5123 0 0 1 0 9 1 6 0 0 1 0
1358232746 56320 5123 0 0 4 0 9 1 6 0 0 1 0
1358574323 56329 5123 0 0 4 0 9 1 6 0 0 1 0
1358578563 56376 5123 0 0 4 0 9 1 6 0 0 1 0
1358578843 56377 5123 0 0 4 0 9 1 6 0 0 1 0
1358632073 56378 5123 0 0 4 0 9 1 6 0 0 1 0
1358632370 56380 5123 0 0 5 0 9 1 6 0 0 1 0
1369710719 56381 5123 0 0 5 0 9 1 6 0 0 1 0
1369711345 56391 5123 0 0 5 0 9 1 6 0 0 1 0
1369716055 56406 5123 0 0 5 0 9 1 6 0 0 1 0
1369716368 56407 5123 0 0 5 0 9 1 6 0 0 1 0
1369718394 56410 5123 0 0 5 0 9 1 6 0 0 1 0
1369758911 56414 5123 0 0 5 0 9 1 6 0 0 1 0
1369841337 56418 5123 0 0 5 0 9 1 6 0 0 1 0
1370014987 56419 5123 0 0 5 0 9 1 6 0 0 1 0
1370016003 56440 5123 0 0 5 0 9 1 6 0 0 1 0
1370016203 56448 5123 0 0 5 0 9 1 6 0 0 1 0
1370045075 56464 5123 0 0 5 0 9 1 6 0 0 1 0
1370046734 56496 5123 0 0 5 0 9 1 6 0 0 1 0
1370047885 56525 5123 0 0 5 0 9 1 6 0 0 1 0
1370048639 56562 5123 0 0 5 0 9 1 6 0 0 1 0
1370109710 56565 5123 0 0 5 0 9 1 6 0 0 1 0
1370132683 56661 5123 0 0 5 0 9 1 6 0 0 1 0
1370138680 56662 5123 0 0 5 0 9 1 6 0 0 1 0
1370138975 56662 5123 0 0 5 0 9 1 6 0 0 1 0
1370139421 56669 5123 0 0 5 0 9 1 6 0 0 1 0
1370139802 56673 5123 0 0 5 0 9 1 6 0 0 1 0
1370140267 56674 5123 0 0 5 0 9 1 6 0 0 1 0
1370140715 56675 5123 0 0 5 0 9 1 6 0 0 1 0
1370141116 56675 5123 0 0 5 0 9 1 6 0 0 1 0
1370141401 56678 5123 0 0 5 0 9 1 6 0 0 1 0
1370141601 56678 5123 0 0 5 0 9 1 6 0 0 1 0
1370141766 56682 5123 0 0 5 0 9 1 6 0 0 1 0
1370142241 56683 5123 0 0 5 0 9 1 6 0 0 1 0
1370231805 56690 5123 0 0 5 0 9 1 6 0 0 1 0
1371224363 56692 5123 0 0 5 0 9 1 6 0 0 1 0
1371225835 56705 5123 0 0 5 0 9 1 6 0 0 1 0
1377793275 56706 5123 0 0 5 0 9 1 6 0 0 1 0
1378144006 56717 5123 0 0 5 0 9 1 6 0 0 1 0
1378146558 56930 5123 0 0 5 0 9 1 6 0 0 1 0
1378147237 56939 5123 0 0 5 0 9 1 6 0 0 1 0
1378147430 56941 5123 0 0 5 0 9 1 6 0 0 1 0
1378153419 56947 5123 0 0 5 0 9 1 6 0 0 1 0
1378674410 57104 5123 0 0 5 0 9 1 6 0 0 1 0
1378674988 57144 5123 0 0 5 0 9 1 6 0 0 1 0
1378675304 57148 5123 0 0 5 0 9 1 6 0 0 1 0
1378675672 57149 5123 0 0 5 0 9 1 6 0 0 1 0
1378675722 57156 5123 0 0 5 0 9 1 6 0 0 1 0
1378675922 57167 5123 0 0 5 0 9 1 6 0 0 1 0
1378676578 57202 5123 0 0 5 0 9 1 6 0 0 1 0
1378679197 57223 5123 0 0 5 0 9 1 6 0 0 1 0
1378679795 57235 5123 0 0 5 0 9 1 6 0 0 1 0
1378682022 57244 5123 0 0 5 0 9 1 6 0 0 1 0
1378682142 57247 5123 0 0 5 0 9 1 6 0 0 1 0
1378682353 57249 5123 0 0 5 0 9 1 6 0 0 1 0
1378682591 57252 5123 0 0 5 0 9 1 6 0 0 1 0
1378682842 57253 5123 0 0 5 0 9 1 6 0 0 1 0
1378683341 57293 5123 0 0 5 0 9 1 6 0 0 1 0
1378683844 57314 5123 0 0 5 0 9 1 6 0 0 1 0
1378705034 57349 5123 0 0 5 0 9 1 6 0 0 1 0
1378710169 57411 5123 0 0 5 0 9 1 6 0 0 1 0
1378759573 57472 5123 0 0 5 0 9 1 6 0 0 1 0
1378771147 57556 5123 0 0 5 0 9 1 6 0 0 1 0
1379001388 57562 5123 0 0 5 0 9 1 6 0 0 1 0
1379189757 57717 5123 0 0 5 0 9 1 6 0 0 1 0
1379204888 57718 5123 0 0 5 0 9 1 6 0 0 1 0
1379216592 57741 5123 0 0 5 0 9 1 6 0 0 1 0
1379269372 57769 5123 0 0 5 0 9 1 6 0 0 1 0
1379270892 57795 5123 0 0 5 0 9 1 6 0 0 1 0
1379272510 57829 5123 0 0 5 0 9 1 6 0 0 1 0
1379273238 57838 5123 0 0 5 0 9 1 6 0 0 1 0
1379273458 57838 5123 0 0 5 0 9 1 6 0 0 1 0
1379283960 57956 5123 0 0 5 0 9 1 6 0 0 1 0
1379284064 57956 5123 0 0 5 0 9 1 6 0 0 1 0
1379368308 60318 5123 0 0 5 0 9 1 6 0 0 1 0
1379368944 60344 5123 0 0 5 0 9 1 6 0 0 1 0
1379377469 60365 5123 0 0 5 0 9 1 6 0 0 1 0
1379378148 60378 5123 0 0 5 0 9 1 6 0 0 1 0
1379808419 60378 5123 0 0 5 0 9 1 6 0 0 1 0
1379809366 60390 5123 0 0 5 0 9 1 6 0 0 1 0
1379810906 60390 5123 0 0 5 0 9 1 6 0 0 1 0
1379811233 60398 5123 0 0 5 0 9 1 6 0 0 1 0
1379811850 60407 5123 0 0 5 0 9 1 6 0 0 1 0
1379920207 60417 5123 0 0 5 0 9 1 6 0 0 1 0
1379963198 60422 5123 0 0 5 0 9 1 6 0 0 1 0
1379964848 60433 5123 0 0 5 0 9 1 6 0 0 1 0
1379967353 60581 5123 0 0 5 0 9 1 6 0 0 1 0
1379973918 60713 5123 0 0 5 0 9 1 6 0 0 1 0
1382119425 60720 5123 0 0 5 0 9 1 6 0 0 1 0
1382119752 60727 5123 0 0 5 0 9 1 6 0 0 1 0
1382120026 60760 5123 0 0 5 0 9 1 6 0 0 1 0
1382120384 60782 5123 0 0 5 0 9 1 6 0 0 1 0
1382120583 60790 5123 0 0 5 0 9 1 6 0 0 1 0
1382122545 60839 5123 0 0 5 0 9 1 6 0 0 1 0
1382122680 60840 5123 0 0 5 0 9 1 6 0 0 1 0
1382123915 60850 5123 0 0 5 0 9 1 6 0 0 1 0
1382129526 61127 5123 0 0 5 0 9 1 6 0 0 1 0
1382130713 61216 5123 0 0 5 0 9 1 6 0 0 1 0
1382131740 61250 5123 0 0 5 0 9 1 6 0 0 1 0
1382321278 61274 5123 0 0 5 0 9 1 6 0 0 1 0
1382321562 61290 5123 0 0 5 0 9 1 6 0 0 1 0
1382322286 61311 5123 0 0 5 0 9 1 6 0 0 1 0
1382323694 61526 5123 0 0 5 0 9 1 6 0 0 1 0
1382982178 61533 5123 0 0 5 0 9 1 6 0 0 1 0
1382985067 61554 5123 0 0 5 0 9 1 6 0 0 1 0
1382985932 61586 5123 0 0 5 0 9 1 6 0 0 1 0
1382986219 61598 5123 0 0 5 0 9 1 6 0 0 1 0
1382987649 61607 5123 0 0 5 0 9 1 6 0 0 1 0
1382988189 61619 5123 0 0 5 0 9 1 6 0 0 1 0
1382988641 61627 5123 0 0 5 0 9 1 6 0 0 1 0
1382991959 61656 5123 0 0 5 0 9 1 6 0 0 1 0
1383014513 61686 5123 0 0 5 0 9 1 6 0 0 1 0
1383017980 61784 5123 0 0 5 0 9 1 6 0 0 1 0
1383148581 61803 5123 0 0 5 0 9 1 6 0 0 1 0
1383149310 61859 5123 0 0 5 0 9 1 6 0 0 1 0
1383149913 61906 5123 0 0 5 0 9 1 6 0 0 1 0
1387156878 61911 5123 0 0 5 0 9 1 6 0 0 1 0
1387158551 62126 5123 0 0 5 0 9 1 6 0 0 1 0
1387160938 62175 5123 0 0 5 0 9 1 6 0 0 1 0
1387564199 62230 5123 0 0 5 0 9 1 6 0 0 1 0
1387672692 62380 5123 0 0 5 0 9 1 6 0 0 1 0
1387672980 62395 5123 0 0 5 0 9 1 6 0 0 1 0
1387673261 62405 5123 0 0 5 0 9 1 6 0 0 1 0
1387673944 62416 5123 0 0 5 0 9 1 6 0 0 1 0
1387676030 62420 5123 0 0 5 0 9 1 6 0 0 1 0
1387676812 62431 5123 0 0 5 0 9 1 6 0 0 1 0
1387678963 62458 5123 0 0 5 0 9 1 6 0 0 1 0
1387753955 62498 5123 0 0 5 0 9 1 6 0 0 1 0
1387755461 62630 5123 0 0 5 0 9 1 6 0 0 1 0
1387997844 62651 5123 0 0 5 0 9 1 6 0 0 1 0
1388026694 62849 5123 0 0 5 0 9 1 6 0 0 1 0
1388080430 63750 5123 0 0 5 0 9 1 6 0 0 1 0
1388165495 63785 5123 0 0 5 0 9 1 6 0 0 1 0
1388167490 63859 5123 0 0 5 0 9 1 6 0 0 1 0
1388211197 63977 5123 0 0 5 0 9 1 6 0 0 1 0
1388257865 64051 5123 0 0 5 0 9 1 6 0 0 1 0
1388259245 64073 5123 0 0 5 0 9 1 6 0 0 1 0
1388294386 64103 5123 0 0 5 0 9 1 6 0 0 1 0
1388350228 64217 5123 0 0 5 0 9 1 6 0 0 1 0
1388354905 64320 5123 0 0 5 0 9 1 6 0 0 1 0
1388510815 64440 5123 0 0 5 0 9 1 6 0 0 1 0
1388512157 64457 5123 0 0 5 0 9 1 6 0 0 1 0
1388512234 64463 5123 0 0 5 0 9 1 6 0 0 1 0
1388610500 64636 5123 0 0 5 0 9 1 6 0 0 1 0
1388610928 64674 5123 0 0 5 0 9 1 6 0 0 1 0
1388680155 64762 5123 0 0 5 0 9 1 6 0 0 1 0
1388680981 64767 5123 0 0 5 0 9 1 6 0 0 1 0
1388682274 64805 5123 0 0 5 0 9 1 6 0 0 1 0
1388961508 64860 5123 0 0 5 0 9 1 6 0 0 1 0
1388963367 64901 5123 0 0 5 0 9 1 6 0 0 1 0
1388967320 65053 5123 0 0 5 0 9 1 6 0 0 1 0
1388973317 65133 5123 0 0 5 0 9 1 6 0 0 1 0
1388988053 65138 5123 0 0 5 0 9 1 6 0 0 1 0
1389055582 65294 5123 0 0 5 0 9 1 6 0 0 1 0
1389115083 65420 5123 0 0 5 0 9 1 6 0 0 1 0
1389200287 65422 5123 0 0 5 0 9 1 6 0 0 1 0
1389286297 65423 5123 0 0 5 0 9 1 6 0 0 1 0
1389287363 65466 5123 0 0 5 0 9 1 6 0 0 1 0
1389488777 65493 5123 0 0 5 0 9 1 6 0 0 1 0
1389502265 71139 5123 0 0 5 0 9 1 6 0 0 1 0
1390091673 71140 5123 0 0 5 0 9 1 6 0 0 1 0
1390109384 71441 5123 0 0 5 0 9 1 6 0 0 1 0
1390109690 71441 5123 0 0 5 0 9 1 6 0 0 1 0
1390687165 71510 5123 0 0 5 0 9 1 6 0 0 1 0
1390771466 71661 5123 0 0 5 0 9 1 6 0 0 1 0
1390791264 71685 5123 0 0 5 0 9 1 6 0 0 1 0
1390793066 71689 5123 0 0 5 0 9 1 6 0 0 1 0
1390793533 71698 5123 0 0 5 0 9 1 6 0 0 1 0
1390794150 71718 5123 0 0 5 0 9 1 6 0 0 1 0
1390794548 71733 5123 0 0 5 0 9 1 6 0 0 1 0
1390880328 72311 5123 0 0 5 0 9 1 6 0 0 1 0
1390884341 72311 5123 0 0 5 0 9 1 6 0 0 1 0
1392312530 72320 5123 0 0 5 0 9 1 6 0 0 1 0
1392502133 72352 5123 0 0 5 0 9 1 6 0 0 1 0
1392553522 72425 5123 0 0 5 0 9 1 6 0 0 1 0
1394319841 72493 5123 0 0 5 0 9 1 6 0 0 1 0
1394322851 72601 5123 0 0 5 0 9 1 6 0 0 1 0
1394637074 72606 5123 0 0 5 0 9 1 6 0 0 1 0
1397146427 72627 5123 0 0 5 0 9 1 6 0 0 1 0
1402179919 72627 5123 0 0 5 0 9 1 6 0 1 1 0
1402880717 72664 5123 0 0 5 0 9 1 6 0 1 1 0
1403379539 72678 5123 0 0 5 0 9 1 6 0 1 1 0
1403380575 72699 5123 0 0 5 0 9 1 6 0 1 1 0
1403381268 72752 5123 0 0 5 0 9 1 6 0 1 1 0
1403382814 72766 5123 0 0 5 0 9 1 6 0 1 1 0
1403384905 72838 5123 0 0 5 0 9 1 6 0 1 1 0
1403386379 72849 5123 0 0 5 0 9 1 6 0 1 1 0
1403478145 72974 5123 0 0 5 0 9 1 6 0 1 1 0
1403489113 72983 5123 0 0 5 0 9 1 6 0 1 1 0
1403982578 73003 5123 0 0 5 0 9 1 6 0 1 1 0
1403985745 73106 5123 0 0 5 0 9 1 6 0 1 1 0
1403986693 73108 5123 0 0 5 0 9 1 6 0 1 1 0
1404076459 73157 5123 0 0 5 0 9 1 6 0 1 1 0
1404080030 73159 5123 0 0 5 0 9 1 6 0 1 1 0
1404086872 73166 5123 0 0 5 0 9 1 6 0 1 1 0
1404111048 73206 5123 0 0 5 0 9 1 6 0 1 1 0
1405219748 73244 5123 0 0 5 0 9 1 6 0 1 1 0
1405220645 73260 5123 0 0 5 0 9 1 6 0 1 1 0
1405225669 73293 5123 0 0 5 0 9 1 6 0 1 1 0
1405290015 73313 5123 0 0 5 0 9 1 6 0 1 1 0
1405290668 73349 5123 0 0 5 0 9 1 6 0 1 1 0
1405293664 73376 5123 0 0 5 0 9 1 6 0 1 1 0
1405294283 73392 5123 0 0 5 0 9 1 6 0 1 1 0
1409156479 73454 5123 0 0 5 0 9 1 6 0 1 1 0
1409450468 73470 5123 0 0 5 0 9 1 6 0 1 1 0
1409515068 73486 5123 0 0 5 0 9 1 6 0 1 1 0
1409521515 73590 5123 0 0 5 0 9 1 6 0 1 1 0
1409530350 73627 5123 0 0 5 0 9 1 6 0 1 1 0
1409607795 73636 5123 0 0 5 0 9 1 6 0 1 1 0
1409611559 73670 5123 0 0 5 0 9 1 6 0 1 1 0
1409615966 73673 5123 0 0 5 0 9 1 6 0 1 1 0
1409616301 73704 5123 0 0 5 0 9 1 6 0 1 1 0
1409617460 73719 5123 0 0 5 0 9 1 6 0 1 1 0
1409617918 73733 5123 0 0 5 0 9 1 6 0 1 1 0
1409629307 73764 5123 0 0 5 0 9 1 6 0 1 1 0
1409629987 73764 5123 0 0 5 0 9 1 6 0 1 1 0
1409630221 73773 5123 0 0 5 0 9 1 6 0 1 1 0
1410124875 73778 5123 0 0 5 0 9 1 6 0 1 1 0
1410124945 73785 5123 0 0 5 0 9 1 6 0 1 1 0
1410127595 73787 5123 0 0 5 0 9 1 6 0 1 1 0
1410129240 73839 5123 0 0 5 0 9 1 6 0 1 1 0
1410160486 73875 5123 0 0 5 0 9 1 6 0 1 1 0
1410228081 74030 5123 0 0 5 0 9 1 6 0 1 1 0
1410228411 74030 5123 0 0 5 0 9 1 6 0 1 1 0
1410230031 74051 5123 0 0 5 0 9 1 6 0 1 1 0
1410362804 74069 5123 0 0 5 0 9 1 6 0 1 1 0
1410366958 74093 5123 0 0 5 0 9 1 6 0 1 1 0
1410643659 74096 5123 0 0 5 0 9 1 6 0 1 1 0
1410654112 74097 5123 0 0 5 0 9 1 6 0 1 1 0
1410654243 74311 5123 0 0 5 0 9 1 6 0 1 1 0
1410732612 74333 5123 0 0 5 0 9 1 6 0 1 1 0
1410800764 74392 5123 0 0 5 0 9 1 6 0 1 1 0
1410881661 74400 5123 0 0 5 0 9 1 6 0 1 1 0
1410882436 74409 5123 0 0 5 0 9 1 6 0 1 1 0
1410885058 74410 5123 0 0 5 0 9 1 6 0 1 1 0
1410886236 74436 5123 0 0 5 0 9 1 6 0 1 1 0
1410974268 74446 5123 0 0 5 0 9 1 6 0 1 1 0
1411060084 74495 5123 0 0 5 0 9 1 6 0 1 1 0
1411244101 74505 5123 0 0 5 0 9 1 6 0 1 1 0
1411263920 74531 5123 0 0 5 0 9 1 6 0 1 1 0
1411326492 74548 5123 0 0 5 0 9 1 6 0 1 1 0
1411326618 74550 5123 0 0 5 0 9 1 6 0 1 1 0
1411328325 74553 5123 0 0 5 0 9 1 6 0 1 1 0
1411328773 74557 5123 0 0 5 0 9 1 6 0 1 1 0
1412462961 74655 5123 0 0 5 0 9 1 6 0 1 1 0
1412540523 74656 5123 0 0 5 0 9 1 6 0 1 1 0
1412552245 74848 5123 0 0 5 0 9 1 6 0 1 1 0
1412700711 75029 5123 0 0 5 0 9 1 6 0 1 1 0
1413152441 75073 5123 0 0 5 0 9 1 6 0 1 1 0
1413153437 75161 5123 0 0 5 0 9 1 6 0 1 1 0
1413157378 75196 5123 0 0 5 0 9 1 6 0 1 1 0
1413168197 75573 5123 0 0 5 0 9 1 6 0 1 1 0
1413666873 75626 5123 0 0 5 0 9 1 6 0 1 1 0
1413668073 75642 5123 0 0 5 0 9 1 6 0 1 1 0
1413682058 75730 5123 0 0 5 0 9 1 6 0 1 1 0
1413751693 75744 5123 0 0 5 0 9 1 6 0 1 1 0
1413754382 75799 5123 0 0 5 0 9 1 6 0 1 1 0
1413759042 75810 5123 0 0 5 0 9 1 6 0 1 1 0
1413760247 75834 5123 0 0 5 0 9 1 6 0 1 1 0
1413900590 75842 5123 0 0 5 0 9 1 6 0 1 1 0
1413900848 75848 5123 0 0 5 0 9 1 6 0 1 1 0
1413900987 75848 5123 0 0 5 0 9 1 6 0 1 1 0
1413902620 75869 5123 0 0 5 0 9 1 6 0 1 1 0
1413902841 75882 5123 0 0 5 0 9 1 6 0 1 1 0
1413905040 75898 5123 0 0 5 0 9 1 6 0 1 1 0
1413905374 75902 5123 0 0 5 0 9 1 6 0 1 1 0
1414355973 75944 5123 0 0 5 0 9 1 6 0 1 1 0
1414356585 75967 5123 0 0 5 0 9 1 6 0 1 1 0
1414357243 75973 5123 0 0 5 0 9 1 6 0 1 1 0
1414358279 76001 5123 0 0 5 0 9 1 6 0 1 1 0
1414359417 76010 5123 0 0 5 0 9 1 6 0 1 1 0
1414359894 76063 5123 0 0 5 0 9 1 6 0 1 1 0
1414361404 76082 5123 0 0 5 0 9 1 6 0 1 1 0
1414425021 76131 5123 0 0 5 0 9 1 6 0 1 1 0
1415585962 76182 5123 0 0 5 0 9 1 6 0 1 1 0
1416085745 76210 5123 0 0 5 0 9 1 6 0 1 1 0
1416099868 76255 5123 0 0 5 0 9 1 6 0 1 1 0
1416101357 76328 5123 0 0 5 0 9 1 6 0 1 1 0
1416164352 76330 5123 0 0 5 0 9 1 6 0 1 1 0
1416164610 76346 5123 0 0 5 0 9 1 6 0 1 1 0
1416169547 76425 5123 0 0 5 0 9 1 6 0 1 1 0
1416178830 76453 5123 0 0 5 0 9 1 6 0 1 1 0
1416181299 76457 5123 0 0 5 0 9 1 6 0 1 1 0
1416695714 76499 5123 0 0 5 0 9 1 6 0 1 1 0
1424572380 76505 5123 0 0 5 0 9 1 6 0 1 1 0
1426378068 77300 5123 0 0 5 0 9 1 6 0 1 1 0
1426380057 77302 5123 0 0 5 0 9 1 6 0 1 1 0
1426389550 77319 5123 0 0 5 0 9 1 6 0 1 1 0
1426390417 77324 5123 0 0 5 0 9 1 6 0 1 1 0
1426456778 77326 5123 0 0 5 0 9 1 6 0 1 1 0
1426457811 77328 5123 0 0 5 0 9 1 6 0 1 1 0
1426458904 77333 5123 0 0 5 0 9 1 6 0 1 1 0
1426459064 77334 5123 0 0 5 0 9 1 6 0 1 1 0
1426695332 77563 5123 0 0 5 0 9 1 6 0 1 1 0
1426698320 77619 5123 0 0 5 0 9 1 6 0 1 1 0
1426869266 77619 5123 0 0 5 0 9 1 6 0 1 1 0
1427646246 78424 5123 0 0 5 0 9 1 6 0 1 1 0
1427696268 78439 5123 0 0 5 0 9 1 6 0 1 1 0
1428594070 79294 5123 0 0 5 0 9 1 6 0 1 1 0
1428599710 79616 5123 0 0 5 0 9 1 6 0 1 1 0
1428683007 79621 5123 0 0 5 0 9 1 6 0 1 1 0
1428793168 79638 5123 0 0 5 0 9 1 6 0 1 1 0
1428794596 79665 5123 0 0 5 0 9 1 6 0 1 1 0
1428794769 79670 5123 0 0 5 0 9 1 6 0 1 1 0
1428871761 79718 5123 0 0 5 0 9 1 6 0 1 1 0
1428874675 79726 5123 0 0 5 0 9 1 6 0 1 1 0
1428874728 79757 5123 0 0 5 0 9 1 6 0 1 1 0
1428874789 79811 5123 0 0 5 0 9 1 6 0 1 1 0
1428877341 79843 5123 0 0 5 0 9 1 6 0 1 1 0
1428877754 79854 5123 0 0 5 0 9 1 6 0 1 1 0
1429117411 80105 5123 0 0 5 0 9 1 6 0 1 1 0
1429197407 80110 5123 0 0 5 0 9 1 6 0 1 1 0
1429471588 80140 5123 0 0 5 0 9 1 6 0 1 1 0
1429632097 80354 5123 0 0 5 0 9 1 6 0 1 1 0
1430073516 80530 5123 0 0 5 0 9 1 6 0 1 1 0
1430110901 80625 5123 0 0 5 0 9 1 6 0 1 1 0
1430112075 80648 5123 0 0 5 0 9 1 6 0 1 1 0
1430150862 80705 5123 0 0 5 0 9 1 6 0 1 1 0
1430151452 80729 5123 0 0 5 0 9 1 6 0 1 1 0
1430152176 80757 5123 0 0 5 0 9 1 6 0 1 1 0
1430239791 80795 5123 0 0 5 0 9 1 6 0 1 1 0
1430322869 80798 5123 0 0 5 0 9 1 6 0 1 1 0
1430326574 80813 5123 0 0 5 0 9 1 6 0 1 1 0
1430407744 80819 5123 0 0 5 0 9 1 6 0 1 1 0
1430496871 80888 5123 0 0 5 0 9 1 6 0 1 1 0
1430599719 80944 5123 0 0 5 0 9 1 6 0 1 1 0
1430600204 80959 5123 0 0 5 0 9 1 6 0 1 1 0
1430668019 80998 5123 0 0 5 0 9 1 6 0 1 1 0
1430674482 81025 5123 0 0 5 0 9 1 6 0 1 1 0
1430771338 81076 5123 0 0 5 0 9 1 6 0 1 1 0
1430797156 81083 5123 0 0 5 0 9 1 6 0 1 1 0
1430800319 81140 5123 0 0 5 0 9 1 6 0 1 1 0
1430800501 81147 5123 0 0 5 0 9 1 6 0 1 1 0
1430804138 81179 5123 0 0 5 0 9 1 6 0 1 1 0
1430804203 81179 5123 0 0 5 0 9 1 6 0 1 1 0
1430842019 81201 5123 0 0 5 0 9 1 6 0 1 1 0
1430844754 81226 5123 0 0 5 0 9 1 6 0 1 1 0
1431706095 81331 5123 0 0 5 0 9 1 6 0 1 1 0
1431896827 81334 5123 0 0 5 0 9 1 6 0 1 1 0
1432312747 81615 5123 0 0 5 0 9 1 6 0 1 1 0
1433519469 81649 5123 0 0 5 0 9 1 6 0 1 1 0
1433620516 81649 5123 0 0 5 0 9 1 6 0 1 1 0
1433709598 81811 5123 0 0 5 0 9 1 6 0 1 1 0
1433863425 81834 5123 0 0 5 0 9 1 6 0 1 1 0
1433863643 81846 5123 0 0 5 0 9 1 6 0 1 1 0
1433867708 81861 5123 0 0 5 0 9 1 6 0 1 1 0
1433868018 81865 5123 0 0 5 0 9 1 6 0 1 1 0
1434036631 81874 5123 0 0 5 0 9 1 6 0 1 1 0
1434041511 81915 5123 0 0 5 0 9 1 6 0 1 1 0
1434828290 81938 5123 0 0 5 0 9 1 6 0 1 1 0
1434910393 81939 5123 0 0 5 0 9 1 6 0 1 1 0
1434911282 81956 5123 0 0 5 0 9 1 6 0 1 1 0
1435433460 82029 5123 0 0 5 0 9 1 6 0 1 1 0
1435437680 82090 5123 0 0 5 0 9 1 6 0 1 1 0
1435439927 82090 5123 0 0 5 0 9 1 6 0 1 1 0
1435446299 82093 5123 0 0 5 0 9 1 6 0 1 1 0
1435856233 82160 5123 0 0 5 0 9 1 6 0 1 1 0
1436040652 82684 5123 0 0 5 0 9 1 6 0 1 1 0
1436048948 82692 5123 0 0 5 0 9 1 6 0 1 1 0
1436134230 82709 5123 0 0 5 0 9 1 6 0 1 1 0
1436197048 82728 5123 0 0 5 0 9 1 6 0 1 1 0
1436202101 82729 5123 0 0 5 0 9 1 6 0 1 1 0
1436283622 82736 5123 0 0 5 0 9 1 6 0 1 1 0
1436286377 82747 5123 0 0 5 0 9 1 6 0 1 1 0
1436287992 82754 5123 0 0 5 0 9 1 6 0 1 1 0
1436545767 82758 5123 0 0 5 0 9 1 6 0 1 1 0
1436546052 82758 5123 0 0 5 0 9 1 6 0 1 1 0
1436636045 82799 5123 0 0 5 0 9 1 6 0 1 1 0
1436650436 82860 5123 0 0 5 0 9 1 6 0 1 1 0
1436727928 82874 5123 0 0 5 0 9 1 6 0 1 1 0
1436730044 82896 5123 0 0 5 0 9 1 6 0 1 1 0
1436733769 83023 5123 0 0 5 0 9 1 6 0 1 1 0
1436737581 83065 5123 0 0 5 0 9 1 6 0 1 1 0
1436803960 83094 5123 0 0 5 0 9 1 6 0 1 1 0
1436978988 83155 5123 0 0 5 0 9 1 6 0 1 1 0
1437061508 83182 5123 0 0 5 0 9 1 6 0 1 1 0
1437146855 83191 5123 0 0 5 0 9 1 6 0 1 1 0
1437148657 83208 5123 0 0 5 0 9 1 6 0 1 1 0
1437149007 83215 5123 0 0 5 0 9 1 6 0 1 1 0
1437854017 83236 5123 0 0 5 0 9 1 6 0 1 1 0
1437856391 83250 5123 0 0 5 0 9 1 6 0 1 1 0
1437856839 83253 5123 0 0 5 0 9 1 6 0 1 1 0
1437861123 83300 5123 0 0 5 0 9 1 6 0 1 1 0
1437873112 83348 5123 0 0 5 0 9 1 6 0 1 1 0
1437878217 83372 5123 0 0 5 0 9 1 6 0 1 1 0
1437878755 83383 5123 0 0 5 0 9 1 6 0 1 1 0
1437880102 83431 5123 0 0 5 0 9 1 6 0 1 1 0
1437934482 83431 5123 0 0 5 0 9 1 6 0 1 1 0
1437938071 83439 5123 0 0 5 0 9 1 6 0 1 1 0
1438014939 83446 5123 0 0 5 0 9 1 6 0 1 1 0
1438015928 83465 5123 0 0 5 0 9 1 6 0 1 1 0
1438016628 83476 5123 0 0 5 0 9 1 6 0 1 1 0
1438190240 83515 5123 0 0 5 0 9 1 6 0 1 1 0
1438269007 83543 5123 0 0 5 0 9 1 6 0 1 1 0
1438271769 83587 5123 0 0 5 0 9 1 6 0 1 1 0
1438461432 83607 5123 0 0 5 0 9 1 6 0 1 1 0
1438462445 83616 5123 0 0 5 0 9 1 6 0 1 1 0
1438463298 83638 5123 0 0 5 0 9 1 6 0 1 1 0
1438473087 83715 5123 0 0 5 0 9 1 6 0 1 1 0
1438474252 83731 5123 0 0 5 0 9 1 6 0 1 1 0
1438475995 83771 5123 0 0 5 0 9 1 6 0 1 1 0
1438477055 83785 5123 0 0 5 0 9 1 6 0 1 1 0
1438478261 83805 5123 0 0 5 0 9 1 6 0 1 1 0
1439078671 83822 5123 0 0 5 0 9 1 6 0 1 1 0
1440883468 83823 5123 0 0 5 0 9 1 6 0 1 1 0
1440883632 83830 5123 0 0 5 0 9 1 6 0 1 1 0
1440883768 83839 5123 0 0 5 0 9 1 6 0 1 1 0
1440884166 83853 5123 0 0 5 0 9 1 6 0 1 1 0
1440884397 83878 5123 0 0 5 0 9 1 6 0 1 1 0
1440956350 83883 5123 0 0 5 0 9 1 6 0 1 1 0
1440957022 83908 5123 0 0 5 0 9 1 6 0 1 1 0
1440958156 83920 5123 0 0 5 0 9 1 6 0 1 1 0
1440962096 83952 5123 0 0 5 0 9 1 6 0 1 1 0
1441035079 83971 5123 0 0 5 0 9 1 6 0 1 1 0
1441035280 84004 5123 0 0 5 0 9 1 6 0 1 1 0
1441035871 84051 5123 0 0 5 0 9 1 6 0 1 1 0
1441040377 84130 5123 0 0 5 0 9 1 6 0 1 1 0
1441040678 84150 5123 0 0 5 0 9 1 6 0 1 1 0
1441040931 84281 5123 0 0 5 0 9 1 6 0 1 1 0
1441041723 84350 5123 0 0 5 0 9 1 6 0 1 1 0
1441123811 84379 5123 0 0 5 0 9 1 6 0 1 1 0
1441213448 84396 5123 0 0 5 0 9 1 6 0 1 1 0
1441291429 84410 5123 0 0 5 0 9 1 6 0 1 1 0
1441292016 84419 5123 0 0 5 0 9 1 6 0 1 1 0
1441471940 84424 5123 0 0 5 0 9 1 6 0 1 1 0
1441489260 84426 5123 0 0 5 0 9 1 6 0 1 1 0
1441490457 85178 5123 0 0 5 0 9 1 6 0 1 1 0
1441491569 85204 5123 0 0 5 0 9 1 6 0 1 1 0
1441566570 85309 5123 0 0 5 0 9 1 6 0 1 1 0
1441661647 85336 5123 0 0 5 0 9 1 6 0 1 1 0
1441662879 85382 5123 0 0 5 0 9 1 6 0 1 1 0
1441730286 85398 5123 0 0 5 0 9 1 6 0 1 1 0
1441730781 85473 5123 0 0 5 0 9 1 6 0 1 1 0
1442075752 85482 5123 0 0 5 0 9 1 6 0 1 1 0
1442076632 85521 5123 0 0 5 0 9 1 6 0 1 1 0
1442077698 85528 5123 0 0 5 0 9 1 6 0 1 1 0
1442332863 85551 5123 0 0 5 0 9 1 6 0 1 1 0
1442333883 85567 5123 0 0 5 0 9 1 6 0 1 1 0
1442334804 85571 5123 0 0 5 0 9 1 6 0 1 1 0
1442335499 85624 5123 0 0 5 0 9 1 6 0 1 1 0
1442506332 85629 5123 0 0 5 0 9 1 6 0 1 1 0
1442506481 85639 5123 0 0 5 0 9 1 6 0 1 1 0
1442508333 85651 5123 0 0 5 0 9 1 6 0 1 1 0
1442595667 85714 5123 0 0 5 0 9 1 6 0 1 1 0
1442694669 85725 5123 0 0 5 0 9 1 6 0 1 1 0
1442694993 85725 5123 0 0 5 0 9 1 6 0 1 1 0
1442695902 85858 5123 0 0 5 0 9 1 6 0 1 1 0
1442696920 85901 5123 0 0 5 0 9 1 6 0 1 1 0
1442697424 85908 5123 0 0 5 0 9 1 6 0 1 1 0
1442699640 85916 5123 0 0 5 0 9 1 6 0 1 1 0
1442775278 85970 5123 0 0 5 0 9 1 6 0 1 1 0
1442777751 85994 5123 0 0 5 0 9 1 6 0 1 1 0
1442779985 86025 5123 0 0 5 0 9 1 6 0 1 1 0
1442941634 86035 5123 0 0 5 0 9 1 6 0 1 1 0
1442941828 86035 5123 0 0 5 0 9 1 6 0 1 1 0
1443205568 86056 5123 0 0 5 0 9 1 6 0 1 1 0
1443215580 86100 5123 0 0 5 0 9 1 6 0 1 1 0
1443217482 86143 5123 0 0 5 0 9 1 6 0 1 1 0
1443252573 86145 5123 0 0 5 0 9 1 6 0 1 1 0
1443252687 86149 5123 0 0 5 0 9 1 6 0 1 1 0
1443349981 86159 5123 0 0 5 0 9 1 6 0 1 1 0
1443471315 86165 5123 0 0 5 0 9 1 6 0 1 1 0
1443471676 86166 5123 0 0 5 0 9 1 6 0 1 1 0
1443624869 86174 5123 0 0 5 0 9 1 6 0 1 1 0
1445357403 86176 5123 0 0 5 0 9 1 6 0 1 1 0
1445358663 86195 5123 0 0 5 0 9 1 6 0 1 1 0
1445360633 86205 5123 0 0 5 0 9 1 6 0 1 1 0
1445703434 86223 5123 0 0 5 0 9 1 6 0 1 1 0
1445805981 86345 5123 0 0 5 0 9 1 6 0 1 1 0
1447265144 86365 5123 0 0 5 0 9 1 6 0 1 1 0
1447265657 86455 5123 0 0 5 0 9 1 6 0 1 1 0
1449355906 86456 5123 0 0 5 0 9 1 6 0 1 1 0
1449356449 86463 5123 0 0 5 0 9 1 6 0 1 1 0
1449435532 86494 5123 0 0 5 0 9 1 6 0 1 1 0
1449595141 86497 5123 0 0 5 0 9 1 6 0 1 1 0
1449962410 86528 5123 0 0 5 0 9 1 6 0 1 1 0
1450115473 86549 5123 0 0 5 0 9 1 6 0 1 1 0
1450806316 86553 5123 0 0 5 0 9 1 6 0 1 1 0
1450977753 86562 5123 0 0 5 0 9 1 6 0 1 1 0
1451694716 86589 5123 0 0 5 0 9 1 6 0 1 1 0
1451697037 86627 5123 0 0 5 0 9 1 6 0 1 1 0
1451699680 86655 5123 0 0 5 0 9 1 6 0 1 1 0
1451778744 86677 5123 0 0 5 0 9 1 6 0 1 1 0
1451781089 86687 5123 0 0 5 0 9 1 6 0 1 1 0
1451783146 86709 5123 0 0 5 0 9 1 6 0 1 1 0
1451793793 86720 5123 0 0 5 0 9 1 6 0 1 1 0
1451853162 86759 5123 0 0 5 0 9 1 6 0 1 1 0
1451854446 86778 5123 0 0 5 0 9 1 6 0 1 1 0
1451865430 86781 5123 0 0 5 0 9 1 6 0 1 1 0
1451867770 86796 5123 0 0 5 0 9 1 6 0 1 1 0
1451871227 86816 5123 0 0 5 0 9 1 6 0 1 1 0
1451928934 86835 5123 0 0 5 0 9 1 6 0 1 1 0
1451929520 86835 5123 0 0 5 0 9 1 6 0 1 1 0
1453224106 86846 5123 0 0 5 0 9 1 6 0 1 1 0
1453483418 86866 5123 0 0 5 0 9 1 6 0 1 1 0
1454207088 86872 5123 0 0 5 0 9 1 6 0 1 1 0
1454208329 86877 5123 0 0 5 0 9 1 6 0 1 1 0
1454269945 86887 5123 0 0 5 0 9 1 6 0 1 1 0
1454271346 86902 5123 0 0 5 0 9 1 6 0 1 1 0
1454275075 86949 5123 0 0 5 0 9 1 6 0 1 1 0
1454279138 86958 5123 0 0 5 0 9 1 6 0 1 1 0
1454299720 87231 5123 0 0 5 0 9 1 6 0 1 1 0
1454781836 87232 5123 0 0 5 0 9 1 6 0 1 1 0
1454782551 87244 5123 0 0 5 0 9 1 6 0 1 1 0
1454790979 87245 5123 0 0 5 0 9 1 6 0 1 1 0
1454791305 87246 5123 0 0 5 0 9 1 6 0 1 1 0
1454792476 87255 5123 0 0 5 0 9 1 6 0 1 1 0
1454793871 87260 5123 0 0 5 0 9 1 6 0 1 1 0
1454794165 87266 5123 0 0 5 0 9 1 6 0 1 1 0
1454795893 87267 5123 0 0 5 0 9 1 6 0 1 1 0
1454797923 87271 5123 0 0 5 0 9 1 6 0 1 1 0
1454821937 87329 5123 0 0 5 0 9 1 6 0 1 1 0
1454909724 87353 5123 0 0 5 0 9 1 6 0 1 1 0
1454911018 87359 5123 0 0 5 0 9 1 6 0 1 1 0
1454962399 87378 5123 0 0 5 0 9 1 6 0 1 1 0
1454982524 87402 5123 0 0 5 0 9 1 6 0 1 1 0
1454991609 87441 5123 0 0 5 0 9 1 6 0 1 1 0
1455078570 87483 5123 0 0 5 0 9 1 6 0 1 1 0
1455080359 87540 5123 0 0 5 0 9 1 6 0 1 1 0
1455080974 87540 5123 0 0 5 0 9 1 6 0 1 1 0
1455132535 87542 5123 0 0 5 0 9 1 6 0 1 1 0
1455133884 87542 5123 0 0 5 0 9 1 6 0 1 1 0
1455134510 87543 5123 0 0 5 0 9 1 6 0 1 1 0
1455135477 87554 5123 0 0 5 0 9 1 6 0 1 1 0
1455159906 87562 5123 0 0 5 0 9 1 6 0 1 1 0
1455161720 87574 5123 0 0 5 0 9 1 6 0 1 1 0
1455162301 87578 5123 0 0 5 0 9 1 6 0 1 1 0
1455162787 87609 5123 0 0 5 0 9 1 6 0 1 1 0
1455251830 87630 5123 0 0 5 0 9 1 6 0 1 1 0
1455257707 87630 5123 0 0 5 0 9 1 6 0 1 1 0
1455483510 87705 5123 0 0 5 0 9 1 6 0 1 1 0
1455494321 87707 5123 0 0 5 0 9 1 6 0 1 1 0
1455494507 87712 5123 0 0 5 0 9 1 6 0 1 1 0
1455494766 87713 5123 0 0 5 0 9 1 6 0 1 1 0
1456504472 87715 5123 0 0 5 0 9 1 6 0 1 1 0
1456942565 87715 5123 1 0 5 0 9 1 6 0 1 1 0
1457028663 87715 5123 15 0 5 0 9 1 6 0 1 1 0
1457126149 87715 5123 17 0 5 0 9 1 6 0 1 1 0
1457292741 87715 5123 18 0 5 0 9 1 6 0 1 1 0
1457297331 87715 5123 19 0 5 0 9 1 6 0 1 1 0
1457385843 87716 5123 19 0 5 0 9 1 6 0 1 1 0
1457386978 87749 5123 19 0 5 0 9 1 6 0 1 1 0
1457398174 87749 5123 19 0 5 0 9 1 6 0 1 1 0
1457398379 87749 5123 19 0 5 0 9 1 6 0 1 1 0
1457458812 87779 5123 19 0 5 0 9 1 6 0 1 1 0
1457635656 87779 5123 19 3 5 0 9 1 6 0 1 1 0
1457636003 87779 5123 19 4 5 0 9 1 6 0 1 1 0
1457636089 87779 5123 19 6 5 0 9 1 6 0 1 1 0
1457636301 87779 5123 19 17 5 0 9 1 6 0 1 1 0
1457636522 87783 5123 19 20 5 0 9 1 6 0 1 1 0
1457715657 88194 5123 20 20 5 0 9 1 6 0 1 1 0
1457716500 88194 5123 20 20 5 0 9 1 6 0 1 1 0
1457829135 88514 5123 20 20 5 0 9 1 6 0 1 1 0
1457920990 89651 5123 20 20 5 0 9 1 6 0 1 1 0
1457921812 89718 5123 20 20 5 0 9 1 6 0 1 1 0
1457975345 89731 5123 20 20 5 0 9 1 6 0 1 1 0
1458056609 89757 5123 20 20 5 0 9 1 6 0 1 1 0
1458057509 89769 5123 20 20 5 0 9 1 6 0 1 1 0
1458060787 89797 5123 20 20 5 0 9 1 6 0 1 1 0
1458061705 89854 5123 20 20 5 0 9 1 6 0 1 1 0
1458147158 89867 5123 20 20 5 0 9 1 6 0 1 1 0
1458148954 89872 5123 20 20 5 0 9 1 6 0 1 1 0
1458233598 89942 5123 20 20 5 0 9 1 6 0 1 1 0
1458427315 89985 5123 20 20 5 0 9 1 6 0 1 1 0
1458429310 90010 5123 20 20 5 0 9 1 6 0 1 1 0
1458432512 90017 5123 20 20 5 0 9 1 6 0 1 1 0
1458446777 90021 5123 20 20 5 0 9 1 6 0 1 1 0
1458501337 90065 5123 20 20 5 0 9 1 6 0 1 1 0
1458501656 90068 5123 20 20 5 0 9 1 6 0 1 1 0
1458506620 90088 5123 20 20 5 0 9 1 6 0 1 1 0
1458666214 90089 5123 20 20 5 0 9 1 6 0 1 1 0
1458666591 90179 5123 20 20 5 0 9 1 6 0 1 1 0
1458834087 90203 5123 20 20 5 0 9 1 6 0 1 1 0
1458838335 90360 5123 20 20 5 0 9 1 6 0 1 1 0
1458921805 90368 5123 20 20 5 0 9 1 6 0 1 1 0
1458923997 90385 5123 20 20 5 0 9 1 6 0 1 1 0
1459268905 90452 5123 20 20 5 0 9 1 6 0 1 1 0
1459530304 90604 5123 20 20 5 0 9 1 6 0 1 1 0
1459532835 90626 5123 20 20 5 0 9 1 6 0 1 1 0
1459533664 90638 5123 20 20 5 0 9 1 6 0 1 1 0
1459559204 90701 5123 20 20 5 0 9 1 6 0 1 1 0
1459623634 90724 5123 20 20 5 0 9 1 6 0 1 1 0
1459629706 90755 5123 20 20 5 0 9 1 6 0 1 1 0
1459636771 90842 5123 20 20 5 0 9 1 6 0 1 1 0
1459642194 90891 5123 20 20 5 0 9 1 6 0 1 1 0
1459643497 90938 5123 20 20 5 0 9 1 6 0 1 1 0
1459712731 91054 5123 20 20 5 0 9 1 6 0 1 1 0
1459720711 91133 5123 20 20 5 0 9 1 6 0 1 1 0
1459809374 91365 5123 20 20 5 0 9 1 6 0 1 1 0
1459815093 91439 5123 20 20 5 0 9 1 6 0 1 1 0
1459818876 91658 5123 20 20 5 0 9 1 6 0 1 1 0
1459820840 91713 5123 20 20 5 0 9 1 6 0 1 1 0
1459870190 92369 5123 20 20 5 0 9 1 6 0 1 1 0
1459877984 92390 5123 20 20 5 0 9 1 6 0 1 1 0
1459878338 92430 5123 20 20 5 0 9 1 6 0 1 1 0
1460050462 92472 5123 20 20 5 0 9 1 6 0 1 1 0
1460238354 92538 5123 20 20 5 0 9 1 6 0 1 1 0
1460263717 92654 5123 20 20 5 0 9 1 6 0 1 1 0
1460266359 92713 5123 20 20 5 0 9 1 6 0 1 1 0
1460268383 92735 5123 20 20 5 0 9 1 6 0 1 1 0
1460270830 92799 5123 20 20 5 0 9 1 6 0 1 1 0
1460313930 92879 5123 20 20 5 0 9 1 6 0 1 1 0
1460315813 92907 5123 20 20 5 0 9 1 6 0 1 1 0
1460318453 92942 5123 20 20 5 0 9 1 6 0 1 1 0
1460318681 92962 5123 20 20 5 0 9 1 6 0 1 1 0
1460319136 93051 5123 20 20 5 0 9 1 6 0 1 1 0
1460331843 93151 5123 20 20 5 0 9 1 6 0 1 1 0
1460390585 93151 5123 20 20 5 0 9 1 6 0 1 1 0
1460390847 93155 5123 20 20 5 0 9 1 6 0 1 1 0
1460391326 93156 5123 20 20 5 0 9 1 6 0 1 1 0
1460392960 93158 5123 20 20 5 0 9 1 6 0 1 1 0
1460567404 93205 5123 20 20 5 0 9 1 6 0 1 1 0
1460833765 93206 5123 20 20 5 0 9 1 6 0 1 1 0
1460838511 93207 5123 20 20 5 0 9 1 6 0 1 1 0
1460922772 93233 5123 20 20 5 0 9 1 6 0 1 1 0
1460923310 93235 5123 20 20 5 0 9 1 6 0 1 1 0
1460923832 93236 5123 20 20 5 0 9 1 6 0 1 1 0
1460941376 93293 5123 20 20 5 0 9 1 6 0 1 1 0
1460941851 93304 5123 20 20 5 0 9 1 6 0 1 1 0
1460947831 93372 5123 20 20 5 0 9 1 6 0 1 1 0
1461004423 93389 5123 20 20 5 0 9 1 6 0 1 1 0
1461004921 93390 5123 20 20 5 0 9 1 6 0 1 1 0
1461006127 93408 5123 20 20 5 0 9 1 6 0 1 1 0
1461009140 93417 5123 20 20 5 0 9 1 6 0 1 1 0
1461010778 93481 5123 20 20 5 0 9 1 6 0 1 1 0
1461010941 93481 5123 20 20 5 0 9 1 6 0 1 1 0
1462557106 93481 5123 37 20 5 0 9 1 6 0 1 1 0
1462570983 93481 5123 73 20 5 0 9 1 6 0 1 1 0
1462656774 93481 5123 87 20 5 0 9 1 6 0 1 1 0
1462657768 93481 5123 91 20 5 0 9 1 6 0 1 1 0
1462738383 93481 5123 141 20 5 0 9 1 6 0 1 1 0
1462741579 93481 5123 152 20 5 0 9 1 6 0 1 1 0
1462745916 93481 5123 186 20 5 0 9 1 6 0 1 1 0
1463253327 93541 5123 186 20 5 0 9 1 6 0 1 1 0
1463290441 93541 5123 186 20 5 0 9 1 6 0 1 1 0
1463335358 93542 5123 186 20 5 0 9 1 6 0 1 1 0
1463335602 93546 5123 186 20 5 0 9 1 6 0 1 1 0
1463342120 93557 5123 186 20 5 0 9 1 6 0 1 1 0
1464489322 93557 5123 367 20 5 0 9 1 6 0 1 1 0
1464973979 93580 5123 367 20 5 0 9 1 6 0 1 1 0
1465184147 93580 5123 397 20 5 0 9 1 6 0 1 1 0
1465274935 93580 5123 401 20 5 0 9 1 6 0 1 1 0
1465279580 93580 5123 434 20 5 0 9 1 6 0 1 1 0
1465316285 93591 5123 434 20 5 0 9 1 6 0 1 1 0
1465316701 93592 5123 434 20 5 0 9 1 6 0 1 1 0
1465317646 93594 5123 434 20 5 0 9 1 6 0 1 1 0
1465319373 93596 5123 434 20 5 0 9 1 6 0 1 1 0
1465319689 93596 5123 434 20 5 0 9 1 6 0 1 1 0
1465320462 93606 5123 434 20 5 0 9 1 6 0 1 1 0
1465320588 93606 5123 434 20 5 0 9 1 6 0 1 1 0
1465361930 93606 5123 456 20 5 0 9 1 6 0 1 1 0
1465406808 93614 5123 456 20 5 0 9 1 6 0 1 1 0
1465615509 93614 5123 480 20 5 0 9 1 6 0 1 1 0
1465797269 93614 5123 494 20 5 0 9 1 6 0 1 1 0
1465831965 93616 5123 494 20 5 0 9 1 6 0 1 1 0
1465886926 93616 5123 509 20 5 0 9 1 6 0 1 1 0
1465917889 93617 5123 509 20 5 0 9 1 6 0 1 1 0
1465918353 93624 5123 509 20 5 0 9 1 6 0 1 1 0
1465918408 93757 5123 509 20 5 0 9 1 6 0 1 1 0
1466883264 93897 5123 509 20 5 0 9 1 6 0 1 1 0
1466888163 93954 5123 509 20 5 0 9 1 6 0 1 1 0
1466897980 93987 5123 509 20 5 0 9 1 6 0 1 1 0
1466899260 94020 5123 509 20 5 0 9 1 6 0 1 1 0
1466899394 94023 5123 509 20 5 0 9 1 6 0 1 1 0
1466901058 94052 5123 509 20 5 0 9 1 6 0 1 1 0
1466901985 94052 5123 509 20 5 0 9 1 6 0 1 1 0
1466967034 94121 5123 509 20 5 0 9 1 6 0 1 1 0
1466985862 94252 5123 509 20 5 0 9 1 6 0 1 1 0
1467218177 94256 5123 509 20 5 0 9 1 6 0 1 1 0
1467595376 94257 5123 509 20 5 0 9 1 6 0 1 1 0
1467657286 94328 5123 509 20 5 0 9 1 6 0 1 1 0
1467660094 94368 5123 509 20 5 0 9 1 6 0 1 1 0
1467671246 94485 5123 509 20 5 0 9 1 6 0 1 1 0
1467671316 94485 5123 509 20 5 0 9 1 6 0 1 1 0
1467822576 94533 5123 509 20 5 0 9 1 6 0 1 1 0
1468103364 94593 5123 509 20 5 0 9 1 6 0 1 1 0
1468121635 94787 5123 509 20 5 0 9 1 6 0 1 1 0
1468172195 94855 5123 509 20 5 0 9 1 6 0 1 1 0
1468173537 94895 5123 509 20 5 0 9 1 6 0 1 1 0
1468178785 94934 5123 509 20 5 0 9 1 6 0 1 1 0
1468180079 95003 5123 509 20 5 0 9 1 6 0 1 1 0
1468180205 95003 5123 509 20 5 0 9 1 6 0 1 1 0
1468182770 95016 5123 509 20 5 0 9 1 6 0 1 1 0
1468255194 95153 5123 509 20 5 0 9 1 6 0 1 1 0
1468256216 95153 5123 509 20 5 0 9 1 6 0 1 1 0
1468340217 95171 5123 509 20 5 0 9 1 6 0 1 1 0
1468342357 95232 5123 509 20 5 0 9 1 6 0 1 1 0
1468343055 95263 5123 509 20 5 0 9 1 6 0 1 1 0
1468343125 95263 5123 509 20 5 0 9 1 6 0 1 1 0
1468425855 95297 5123 509 20 5 0 9 1 6 0 1 1 0
1468426337 95297 5123 509 20 5 0 9 1 6 0 1 1 0
1468510686 95316 5123 509 20 5 0 9 1 6 0 1 1 0
1468514802 95347 5123 509 20 5 0 9 1 6 0 1 1 0
1468517099 95401 5123 509 20 5 0 9 1 6 0 1 1 0
1468597214 95413 5123 509 20 5 0 9 1 6 0 1 1 0
1468598239 95435 5123 509 20 5 0 9 1 6 0 1 1 0
1468601204 95507 5123 509 20 5 0 9 1 6 0 1 1 0
1468601975 95520 5123 509 20 5 0 9 1 6 0 1 1 0
1468602144 95520 5123 509 20 5 0 9 1 6 0 1 1 0
1468603941 95523 5123 509 20 5 0 9 1 6 0 1 1 0
1468780543 95550 5123 1472 20 5 0 9 1 6 0 1 1 0
1468824181 95550 5123 1553 20 5 0 9 1 6 0 1 1 0
1468895230 95622 5123 1646 20 5 0 9 1 6 0 1 1 0
1468946600 95649 5123 1646 20 5 0 9 1 6 0 1 1 0
1468946916 95652 5123 1646 20 5 0 9 1 6 0 1 1 0
1469119135 95676 5123 1646 20 5 0 9 1 6 0 1 1 0
1469119527 95695 5123 1646 20 5 0 9 1 6 0 1 1 0
1469205040 95736 5123 1646 20 5 0 9 1 6 0 1 1 0
1469210905 95771 5123 1646 20 5 0 9 1 6 0 1 1 0
1469291773 95777 5123 1646 20 5 0 9 1 6 0 1 1 0
1469296207 95840 5123 1646 20 5 0 9 1 6 0 1 1 0
1469468612 95917 5123 1646 20 5 0 9 1 6 0 1 1 0
1469551527 95943 5123 1646 20 5 0 9 1 6 0 1 1 0
1469639789 95964 5123 1646 20 5 0 9 1 6 0 1 1 0
1469724965 95969 5123 1646 20 5 0 9 1 6 0 1 1 0
1469728058 95987 5123 1646 20 5 0 9 1 6 0 1 1 0
1469810769 96004 5123 1646 20 5 0 9 1 6 0 1 1 0
1469899749 96058 5123 1646 20 5 0 9 1 6 0 1 1 0
1469993768 96118 5123 1646 20 5 0 9 1 6 0 1 1 0
1470006997 96133 5123 1646 20 5 0 9 1 6 0 1 1 0
1470007330 96152 5123 1646 20 5 0 9 1 6 0 1 1 0
1470760329 96174 5123 1646 20 5 0 9 1 6 0 1 1 0
1470761962 96370 5123 1646 20 5 0 9 1 6 0 1 1 0
1470931405 96370 5123 1646 20 5 0 9 1 6 0 1 1 0
1470931431 96374 5123 1646 20 5 0 9 1 6 0 1 1 0
1470931602 96374 5123 1646 20 5 0 9 1 6 0 1 1 0
1470932123 96387 5123 1646 20 5 0 9 1 6 0 1 1 0
1471193057 96409 5123 1646 20 5 0 9 1 6 0 1 1 0
1471194902 96470 5123 1646 20 5 0 9 1 6 0 1 1 0
1471882490 96470 5123 1646 20 5 0 9 1 6 0 1 1 0
1471882965 96474 5123 1646 20 5 0 9 1 6 0 1 1 0
1471887139 96512 5123 1646 20 5 0 9 1 6 0 1 1 0
1471982798 96577 5123 1646 20 5 0 9 1 6 0 1 1 0
1471983512 96620 5123 1646 20 5 0 9 1 6 0 1 1 0
1471984647 96642 5123 1646 20 5 0 9 1 6 0 1 1 0
1472052388 96664 5123 1646 20 5 0 9 1 6 0 1 1 0
1472052604 96668 5123 1646 20 5 0 9 1 6 0 1 1 0
1472061704 96777 5123 1646 20 5 0 9 1 6 0 1 1 0
1472144155 96940 5123 1646 20 5 0 9 1 6 0 1 1 0
1472228915 96995 5123 1646 20 5 0 9 1 6 0 1 1 0
1472231390 97092 5123 1646 20 5 0 9 1 6 0 1 1 0
1472321508 97132 5123 1646 20 5 0 9 1 6 0 1 1 0
1472321608 97132 5123 1646 20 5 0 9 1 6 0 1 1 0
1472403725 97167 5123 1646 20 5 0 9 1 6 0 1 1 0
1472404290 97173 5123 1646 20 5 0 9 1 6 0 1 1 0
1472404514 97175 5123 1646 20 5 0 9 1 6 0 1 1 0
1472404746 97180 5123 1646 20 5 0 9 1 6 0 1 1 0
1472404928 97182 5123 1646 20 5 0 9 1 6 0 1 1 0
1472405334 97188 5123 1646 20 5 0 9 1 6 0 1 1 0
1472405570 97189 5123 1646 20 5 0 9 1 6 0 1 1 0
1472405716 97190 5123 1646 20 5 0 9 1 6 0 1 1 0
1472408841 97190 5123 1646 20 5 0 9 1 6 0 1 1 0
1473443660 97191 5123 1646 20 5 0 9 1 6 0 1 1 0
1473443983 97192 5123 1646 20 5 0 9 1 6 0 1 1 0
1473535326 97258 5123 1646 20 5 0 9 1 6 0 1 1 0
1473699032 97333 5123 1646 20 5 0 9 1 6 0 1 1 0
1473701616 97366 5123 1646 20 5 0 9 1 6 0 1 1 0
1473786102 97419 5123 1646 20 5 0 9 1 6 0 1 1 0
1473787519 97469 5123 1646 20 5 0 9 1 6 0 1 1 0
1473788061 97475 5123 1646 20 5 0 9 1 6 0 1 1 0
1473788738 97509 5123 1646 20 5 0 9 1 6 0 1 1 0
1473959428 97535 5123 1646 20 5 0 9 1 6 0 1 1 0
1473967828 97557 5123 1646 20 5 0 9 1 6 0 1 1 0
1473968807 97581 5123 1646 20 5 0 9 1 6 0 1 1 0
1473969475 97637 5123 1646 20 5 0 9 1 6 0 1 1 0
1473970378 97689 5123 1646 20 5 0 9 1 6 0 1 1 0
1473991250 97698 5123 1646 20 5 0 9 1 6 0 1 1 0
1473997534 97705 5123 1646 20 5 0 9 1 6 0 1 1 0
1474005998 97804 5123 1646 20 5 0 9 1 6 0 1 1 0
1474006397 97804 5123 1646 20 5 0 9 1 6 0 1 1 0
1476467700 97806 5123 1646 20 5 0 9 1 6 0 1 1 0
1476639512 97807 5123 1646 20 5 0 9 1 6 0 1 1 0
1476649782 97829 5123 1646 20 5 0 9 1 6 0 1 1 0
1476657035 97834 5123 1646 20 5 0 9 1 6 0 1 1 0
1476669502 97860 5123 1646 20 5 0 9 1 6 0 1 1 0
1476898652 97860 5123 1646 20 5 0 9 1 6 0 1 1 0
1476898801 97861 5123 1646 20 5 0 9 1 6 0 1 1 0
1476983419 97862 5123 1646 20 5 0 9 1 6 0 1 1 0
1476985670 97865 5123 1646 20 5 0 9 1 6 0 1 1 0
1477162770 97871 5123 1646 20 5 0 9 1 6 0 1 1 0
1477163775 97906 5123 1646 20 5 0 9 1 6 0 1 1 0
1477256421 101252 5123 1646 20 5 0 9 1 6 0 1 1 0
1478107115 101252 5123 1646 20 5 0 9 1 6 0 1 1 0
1478455059 101446 5123 1646 20 5 0 9 1 6 0 1 1 0
1478546505 101559 5123 1646 20 5 0 9 1 6 0 1 1 0
1478803876 101571 5123 1646 20 5 0 9 1 6 0 1 1 0
1478890551 101594 5123 1646 20 5 0 9 1 6 0 1 1 0
1478917310 101596 5123 1646 20 5 0 9 1 6 0 1 1 0
1478918413 101648 5123 1646 20 5 0 9 1 6 0 1 1 0
1479069175 101649 5123 1646 20 5 0 9 1 6 0 1 1 0
1479234403 101653 5123 1646 20 5 0 9 1 6 0 1 1 0
1479235044 101656 5123 1646 20 5 0 9 1 6 0 1 1 0
1479317714 101658 5123 1646 20 5 0 9 1 6 0 1 1 0
1479318755 101668 5123 1646 20 5 0 9 1 6 0 1 1 0
1480561101 101766 5123 1646 20 5 0 9 1 6 0 1 1 0
1480702593 101804 5123 1646 20 5 0 9 1 6 0 1 1 0
1496512071 101805 5123 1646 20 5 0 9 1 6 0 1 1 0
1499268902 101826 5123 1646 20 5 0 9 1 6 0 1 1 0
1500845680 101852 5123 1646 20 5 0 9 1 6 0 1 1 0
1500850649 101934 5123 1646 20 5 0 9 1 6 0 1 1 0
1500871167 101983 5123 1646 20 5 0 9 1 6 0 1 1 0
1500871818 102005 5123 1646 20 5 0 9 1 6 0 1 1 0
1500872193 102008 5123 1646 20 5 0 9 1 6 0 1 1 0
1500873495 102017 5123 1646 20 5 0 9 1 6 0 1 1 0
1500873543 102019 5123 1646 20 5 0 9 1 6 0 1 1 0
1500930684 102099 5123 1646 20 5 0 9 1 6 0 1 1 0
1500939236 102170 5123 1646 20 5 0 9 1 6 0 1 1 0
1501003015 102369 5123 1646 20 5 0 9 1 6 0 1 1 0
1501175455 102371 5123 1646 20 5 0 9 1 6 0 1 1 0
1501176660 102430 5123 1646 20 5 0 9 1 6 0 1 1 0
1501177157 102439 5123 1646 20 5 0 9 1 6 0 1 1 0
1501182141 102453 5123 1646 20 5 0 9 1 6 0 1 1 0
1501209863 102506 5123 1646 20 5 0 9 1 6 0 1 1 0
1501214271 102533 5123 1646 20 5 0 9 1 6 0 1 1 0
1501215020 102541 5123 1646 20 5 0 9 1 6 0 1 1 0
1501215898 102542 5123 1646 20 5 0 9 1 6 0 1 1 0
1501261348 102561 5123 1646 20 5 0 9 1 6 0 1 1 0
1501264716 102573 5123 1646 20 5 0 9 1 6 0 1 1 0
1501285320 102577 5123 1646 20 5 0 9 1 6 0 1 1 0
1501285792 102704 5123 1646 20 5 0 9 1 6 0 1 1 0
1501360564 102853 5123 1646 20 5 0 9 1 6 0 1 1 0
1501361495 103024 5123 1646 20 5 0 9 1 6 0 1 1 0
1501371237 103024 5123 1646 20 5 0 9 1 6 0 1 1 0
1501530898 103108 5123 1646 20 5 0 9 1 6 0 1 1 0
1501548749 103131 5123 1646 20 5 0 9 1 6 0 1 1 0
1501578868 103132 5123 1646 20 5 0 9 1 6 0 1 1 0
1501579275 103146 5123 1646 20 5 0 9 1 6 0 1 1 0
1501606154 103172 5123 1646 20 5 0 9 1 6 0 1 1 0
1501622839 103187 5123 1646 20 5 0 9 1 6 0 1 1 0
1501694867 103201 5123 1646 20 5 0 9 1 6 0 1 1 0
1501695970 103207 5123 1646 20 5 0 9 1 6 0 1 1 0
1501837868 103239 5123 1646 20 5 0 9 1 6 0 1 1 0
1501839249 103292 5123 1646 20 5 0 9 1 6 0 1 1 0
1501839741 104339 5123 1646 20 5 0 9 1 6 0 1 1 0
1501866935 104340 5123 1646 20 5 0 9 1 6 0 1 1 0
1501868196 104350 5123 1646 20 5 0 9 1 6 0 1 1 0
1501868556 104352 5123 1646 20 5 0 9 1 6 0 1 1 0
1501875823 104378 5123 1646 20 5 0 9 1 6 0 1 1 0
1501876079 104499 5123 1646 20 5 0 9 1 6 0 1 1 0
1501876834 104540 5123 1646 20 5 0 9 1 6 0 1 1 0
1501894402 104552 5123 1646 20 5 0 9 1 6 0 1 1 0
1501894710 104553 5123 1646 20 5 0 9 1 6 0 1 1 0
1501894987 104553 5123 1646 20 5 0 9 1 6 0 1 1 0
1501901660 104554 5123 1646 20 5 0 9 1 6 0 1 1 0
1501947717 104556 5123 1646 20 5 0 9 1 6 0 1 1 0
1501947871 104557 5123 1646 20 5 0 9 1 6 0 1 1 0
1501950810 104571 5123 1646 20 5 0 9 1 6 0 1 1 0
1501978335 104588 5123 1646 20 5 0 9 1 6 0 1 1 0
1501996499 104590 5123 1646 20 5 0 9 1 6 0 1 1 0
1502054444 105664 5123 1646 20 5 0 9 1 6 0 1 1 0
1502207310 105754 5123 1646 20 5 0 9 1 6 0 1 1 0
1502306375 105758 5123 1646 20 5 0 9 1 6 0 1 1 0
1502386900 105769 5123 1646 20 5 0 9 1 6 0 1 1 0
1502661563 105778 5123 1646 20 5 0 9 1 6 0 1 1 0
1502662337 105809 5123 1646 20 5 0 9 1 6 0 1 1 0
1502814097 105841 5123 1646 20 5 0 9 1 6 0 1 1 0
1502818117 105846 5123 1646 20 5 0 9 1 6 0 1 1 0
1502894763 105875 5123 1646 20 5 0 9 1 6 0 1 1 0
1503069015 105881 5123 1646 20 5 0 9 1 6 0 1 1 0
1503142993 105883 5123 1646 20 5 0 9 1 6 0 1 1 0
1503268572 105891 5123 1646 20 5 0 9 1 6 0 1 1 0
1503269236 105900 5123 1646 20 5 0 9 1 6 0 1 1 0
1503507714 105919 5123 1646 20 5 0 9 1 6 0 1 1 0
1503788799 105984 5123 1646 20 5 0 9 1 6 0 1 1 0
1503856600 105991 5123 1646 20 5 0 9 1 6 0 1 1 0
1503857234 106008 5123 1646 20 5 0 9 1 6 0 1 1 0
1503861921 106008 5123 1646 20 5 0 9 1 6 0 1 1 0
1503876604 106032 5123 1646 20 5 0 9 1 6 0 1 1 0
1503947535 106090 5123 1646 20 5 0 9 1 6 0 1 1 0
1504114364 106142 5123 1646 20 5 0 9 1 6 0 1 1 0
1504200436 106161 5123 1646 20 5 0 9 1 6 0 1 1 0
1504201282 106254 5123 1646 20 5 0 9 1 6 0 1 1 0
1504205103 106263 5123 1646 20 5 0 9 1 6 0 1 1 0
1504205907 106281 5123 1646 20 5 0 9 1 6 0 1 1 0
1504206448 106359 5123 1646 20 5 0 9 1 6 0 1 1 0
1504291146 106503 5123 1646 20 5 0 9 1 6 0 1 1 0
1504381892 106542 5123 1646 20 5 0 9 1 6 0 1 1 0
1504385615 106545 5123 1646 20 5 0 9 1 6 0 1 1 0
1504399995 106584 5123 1646 20 5 0 9 1 6 0 1 1 0
1504400905 106641 5123 1646 20 5 0 9 1 6 0 1 1 0
1504401397 106642 5123 1646 20 5 0 9 1 6 0 1 1 0
1504401712 106642 5123 1646 20 5 0 9 1 6 0 1 1 0
1504635721 106684 5123 1646 20 5 0 9 1 6 0 1 1 0
1504867407 106750 5123 1646 20 5 0 9 1 6 0 1 1 0
1505039958 106751 5123 1646 20 5 0 9 1 6 0 1 1 0
1505040176 106754 5123 1646 20 5 0 9 1 6 0 1 1 0
1505040604 106765 5123 1646 20 5 0 9 1 6 0 1 1 0
1505057357 106774 5123 1646 20 5 0 9 1 6 0 1 1 0
1505332482 106783 5123 1646 20 5 0 9 1 6 0 1 1 0
1505351177 106785 5123 1646 20 5 0 9 1 6 0 1 1 0
1505351330 106787 5123 1646 20 5 0 9 1 6 0 1 1 0
1505589356 106790 5123 1646 20 5 0 9 1 6 0 1 1 0
1505594161 106823 5123 1646 20 5 0 9 1 6 0 1 1 0
1506109511 106876 5123 1646 20 5 0 9 1 6 0 1 1 0
1506218330 106879 5123 1646 20 5 0 9 1 6 0 1 1 0
1506272976 106880 5123 1646 20 5 0 9 1 6 0 1 1 0
1506281292 106881 5123 1646 20 5 0 9 1 6 0 1 1 0
1506546991 106896 5123 1646 20 5 0 9 1 6 0 1 1 0
1506637277 106938 5123 1646 20 5 0 9 1 6 0 1 1 0
1506645521 106940 5123 1646 20 5 0 9 1 6 0 1 1 0
1506732664 106946 5123 1646 20 5 0 9 1 6 0 1 1 0
1506799449 106969 5123 1646 20 5 0 9 1 6 0 1 1 0
1507741577 106970 5123 1646 20 5 0 9 1 6 0 1 1 0
1507745225 106998 5123 1646 20 5 0 9 1 6 0 1 1 0
1507747212 107000 5123 1646 20 5 0 9 1 6 0 1 1 0
1508080854 107005 5123 1646 20 5 0 9 1 6 0 1 1 0
1508083134 107006 5123 1646 20 5 0 9 1 6 0 1 1 0
1508607435 107040 5123 1646 20 5 0 9 1 6 0 1 1 0
1508609563 107043 5123 1646 20 5 0 9 1 6 0 1 1 0
1508693915 107068 5123 1646 20 5 0 9 1 6 0 1 1 0
1508713053 107175 5123 1646 20 5 0 9 1 6 0 1 1 0
1508778512 107204 5123 1646 20 5 0 9 1 6 0 1 1 0
1508779052 107204 5123 1646 20 5 0 9 1 6 0 1 1 0
1508865463 107232 5123 1646 20 5 0 9 1 6 0 1 1 0
1508868270 107618 5123 1646 20 5 0 9 1 6 0 1 1 0
1508953316 107679 5123 1646 20 5 0 9 1 6 0 1 1 0
1508962026 107680 5123 1646 20 5 0 9 1 6 0 1 1 0
1509040519 107694 5123 1646 20 5 0 9 1 6 0 1 1 0
1509237186 107695 5123 1646 20 5 0 9 1 6 0 1 1 0
1509237443 107696 5123 1646 20 5 0 9 1 6 0 1 1 0
1509304918 107716 5123 1646 20 5 0 9 1 6 0 1 1 0
1509310061 107718 5123 1646 20 5 0 9 1 6 0 1 1 0
1509335843 107734 5123 1646 20 5 0 9 1 6 0 1 1 0
1509337316 107735 5123 1646 20 5 0 9 1 6 0 1 1 0
1509383287 107739 5123 1646 20 5 0 9 1 6 0 1 1 0
1509383743 107742 5123 1646 20 5 0 9 1 6 0 1 1 0
1509384230 107743 5123 1646 20 5 0 9 1 6 0 1 1 0
1509385335 107829 5123 1646 20 5 0 9 1 6 0 1 1 0
1509396250 107838 5123 1646 20 5 0 9 1 6 0 1 1 0
1509396799 107861 5123 1646 20 5 0 9 1 6 0 1 1 0
1509397640 107869 5123 1646 20 5 0 9 1 6 0 1 1 0
1509405916 107870 5123 1646 20 5 0 9 1 6 0 1 1 0
1509406069 107871 5123 1646 20 5 0 9 1 6 0 1 1 0
1509406377 107872 5123 1646 20 5 0 9 1 6 0 1 1 0
1509406476 107874 5123 1646 20 5 0 9 1 6 0 1 1 0
1509471751 107880 5123 1646 20 5 0 9 1 6 0 1 1 0
1509472135 107882 5123 1646 20 5 0 9 1 6 0 1 1 0
1509473213 107883 5123 1646 20 5 0 9 1 6 0 1 1 0
1509560018 107885 5123 1646 20 5 0 9 1 6 0 1 1 0
1509561264 107891 5123 1646 20 5 0 9 1 6 0 1 1 0
1509563254 107903 5123 1646 20 5 0 9 1 6 0 1 1 0
1509728833 107904 5123 1646 20 5 0 9 1 6 0 1 1 0
1509734482 107906 5123 1646 20 5 0 9 1 6 0 1 1 0
1509735149 107914 5123 1646 20 5 0 9 1 6 0 1 1 0
1509737355 107932 5123 1646 20 5 0 9 1 6 0 1 1 0
1509737366 107933 5123 1646 20 5 0 9 1 6 0 1 1 0
1509737579 107937 5123 1646 20 5 0 9 1 6 0 1 1 0
1509760081 107938 5123 1646 20 5 0 9 1 6 0 1 1 0
1509760512 107941 5123 1646 20 5 0 9 1 6 0 1 1 0
1509761251 107945 5123 1646 20 5 0 9 1 6 0 1 1 0
1509761405 107946 5123 1646 20 5 0 9 1 6 0 1 1 0
1509834479 107952 5123 1646 20 5 0 9 1 6 0 1 1 0
1509835242 107962 5123 1646 20 5 0 9 1 6 0 1 1 0
1509916341 108001 5123 1646 20 5 0 9 1 6 0 1 1 0
1509921675 108050 5123 1646 20 5 0 9 1 6 0 1 1 0
1509924556 108070 5123 1646 20 5 0 9 1 6 0 1 1 0
1509925548 108071 5123 1646 20 5 0 9 1 6 0 1 1 0
1509996028 108098 5123 1646 20 5 0 9 1 6 0 1 1 0
1509998605 108105 5123 1646 20 5 0 9 1 6 0 1 1 0
1509999834 108106 5123 1646 20 5 0 9 1 6 0 1 1 0
1510006212 108108 5123 1646 20 5 0 9 1 6 0 1 1 0
1510073535 108110 5123 1646 20 5 0 9 1 6 0 1 1 0
1510073735 108111 5123 1646 20 5 0 9 1 6 0 1 1 0
1510163888 108115 5123 1646 20 5 0 9 1 6 0 1 1 0
1510253216 108122 5123 1646 20 5 0 9 1 6 0 1 1 0
1510343388 108132 5123 1646 20 5 0 9 1 6 0 1 1 0
1510343450 108134 5123 1646 20 5 0 9 1 6 0 1 1 0
1510433341 108140 5123 1646 20 5 0 9 1 6 0 1 1 0
1510434565 108141 5123 1646 20 5 0 9 1 6 0 1 1 0
1510435726 108151 5123 1646 20 5 0 9 1 6 0 1 1 0
1510438075 108155 5123 1646 20 5 0 9 1 6 0 1 1 0
1510524346 108166 5123 1646 20 5 0 9 1 6 0 1 1 0
1510527628 108169 5123 1646 20 5 0 9 1 6 0 1 1 0
1510598385 108174 5123 1646 20 5 0 9 1 6 0 1 1 0
1510598729 108182 5123 1646 20 5 0 9 1 6 0 1 1 0
1510684357 108195 5123 1646 20 5 0 9 1 6 0 1 1 0
1510684842 108196 5123 1646 20 5 0 9 1 6 0 1 1 0
1510686411 108196 5123 1646 20 5 0 9 1 6 0 1 1 0
1510950871 108197 5123 1646 20 5 0 9 1 6 0 1 1 0
1511897228 108218 5123 1646 20 5 0 9 1 6 0 1 1 0
1511897688 108221 5123 1646 20 5 0 9 1 6 0 1 1 0
1511975783 108226 5123 1646 20 5 0 9 1 6 0 1 1 0
1511985444 108234 5123 1646 20 5 0 9 1 6 0 1 1 0
1512417575 108236 5123 1646 20 5 0 9 1 6 0 1 1 0
1513363658 108243 5123 1646 20 5 0 9 1 6 0 1 1 0
1514578169 108245 5123 1646 20 5 0 9 1 6 0 1 1 0
1516295049 108247 5123 1646 20 5 0 9 1 6 0 1 1 0
1517890060 108256 5123 1646 20 5 0 9 1 6 0 1 1 0
1518205861 108274 5123 1646 20 5 0 9 1 6 0 1 1 0
1518987759 108281 5123 1646 20 5 0 9 1 6 0 1 1 0
1521021251 108281 5123 1646 20 5 3 9 1 6 0 1 1 0
1521057101 108284 5123 1646 20 5 3 9 1 6 0 1 1 0
1521999083 108284 5123 1646 20 5 7 9 1 6 0 1 1 0
1522694108 108285 5123 1646 20 5 7 9 1 6 0 1 1 0
1522883211 108307 5123 1646 20 5 7 9 1 6 0 1 1 0
1522883332 108311 5123 1646 20 5 7 9 1 6 0 1 1 0
1522957096 108313 5123 1646 20 5 7 9 1 6 0 1 1 0
1523153925 108332 5123 1646 20 5 7 9 1 6 0 1 1 0
1523824088 108334 5123 1646 20 5 7 9 1 6 0 1 1 0
1524076784 108335 5123 1646 20 5 7 9 1 6 0 1 1 0
1524076828 108340 5123 1646 20 5 7 9 1 6 0 1 1 0
1525029758 108341 5123 1646 20 5 7 9 1 6 0 1 1 0
1525545033 108344 5123 1646 20 5 7 9 1 6 0 1 1 0
1535472067 108346 5123 1646 20 5 7 9 1 6 0 1 1 0
1535472387 108349 5123 1646 20 5 7 9 1 6 0 1 1 0
1539889964 108355 5123 1646 20 5 7 9 1 6 0 1 1 0
1539890505 108356 5123 1646 20 5 7 9 1 6 0 1 1 0
1539975273 108376 5123 1646 20 5 7 9 1 6 0 1 1 0
1539975316 108377 5123 1646 20 5 7 9 1 6 0 1 1 0
1539978603 108384 5123 1646 20 5 7 9 1 6 0 1 1 0
1541704184 108390 5123 1646 20 5 7 9 1 6 0 1 1 0
1541790795 108391 5123 1646 20 5 7 9 1 6 0 1 1 0
1541792335 108392 5123 1646 20 5 7 9 1 6 0 1 1 0
1542568117 108396 5123 1646 20 5 7 9 1 6 0 1 1 0
1546196873 108414 5123 1646 20 5 7 9 1 6 0 1 1 0
1546197442 108421 5123 1646 20 5 7 9 1 6 0 1 1 0
1546302318 108439 5123 1646 20 5 7 9 1 6 0 1 1 0
1546552727 108440 5123 1646 20 5 7 9 1 6 0 1 1 0
1546552935 108443 5123 1646 20 5 7 9 1 6 0 1 1 0
1546555225 108458 5123 1646 20 5 7 9 1 6 0 1 1 0
1546633617 108511 5123 1646 20 5 7 9 1 6 0 1 1 0
1546968897 108513 5123 1646 20 5 7 9 1 6 0 1 1 0
1546969540 108522 5123 1646 20 5 7 9 1 6 0 1 1 0
1547059286 108548 5123 1646 20 5 7 9 1 6 0 1 1 0
1547062500 108561 5123 1646 20 5 7 9 1 6 0 1 1 0
1547062709 108568 5123 1646 20 5 7 9 1 6 0 1 1 0
1547147939 108575 5123 1646 20 5 7 9 1 6 0 1 1 0
1547161126 108591 5123 1646 20 5 7 9 1 6 0 1 1 0
1547231992 108595 5123 1646 20 5 7 9 1 6 0 1 1 0
1547234188 108598 5123 1646 20 5 7 9 1 6 0 1 1 0
1547328853 108607 5123 1646 20 5 7 9 1 6 0 1 1 0
1547330330 108615 5123 1646 20 5 7 9 1 6 0 1 1 0
1547331228 108616 5123 1646 20 5 7 9 1 6 0 1 1 0
1547334397 108629 5123 1646 20 5 7 9 1 6 0 1 1 0
1547336092 108630 5123 1646 20 5 7 9 1 6 0 1 1 0
1554312023 108631 5123 1646 20 5 7 9 1 6 0 1 1 0
