1472766985 1062
1472780418 1428
1472780435 1430
1472837209 1431
1473175056 1490
1473175163 1487
1473183648 1564
1473279180 1807
1473532065 1912
1473636178 1913
1473798691 1934
1473799192 1956
1473879518 1956
1473879840 1959
1473880442 1965
1473989586 1892
1473989634 1892
1473989641 1927
1474000285 1999
1474000680 2047
1474001616 2134
1474049028 2142
1474055146 2129
1474055688 2192
1474170280 2218
1474841321 2218
1474841341 2759
1474841488 2757
1474857168 2865
1474913734 2875
1474915774 2919
1474918614 2954
1474918678 2959
1474997771 2934
1475007956 2956
1475008024 2967
1475009713 2986
1475682247 2996
1475682268 3320
1475682282 3420
1475825411 4112
1475825426 4112
1475825822 3707
1475864262 3446
1475874079 3534
1475874304 3522
1475895870 3567
1475895878 3619
1475971793 3617
1475972016 3660
1475973009 3845
1477357746 4473
1477701643 4773
1477923836 4774
1477962402 4776
1477962495 4773
1477963355 4774
1477964017 4773
1477964629 4772
1477965296 4771
1477966120 4771
1477967033 24882
1477971557 24887
1477972110 24888
1477972542 24890
1478493990 24953
1478711300 25100
1478984749 25155
1478986034 25155
1478986042 25323
1479063021 25163
1479069834 25208
1479070727 25209
1479070748 25331
1479269238 25535
1479878223 25645
1480696067 26497
1481313815 26955
1484850410 27189
1484862450 27229
1484863668 27229
1484863676 27229
1484869930 27375
1484947257 27410
1486064818 27415
1486230895 27452
1486798092 27307
1486803723 27395
1486833486 26356
1486838719 26951
1487783294 26543
1491276796 26656
1492464230 26711
1492884306 26907
1493150488 30699
1493836060 32400
1493920695 31332
1493920937 29596
1493921075 29614
1493922862 29073
1494101927 29107
1499992553 29580
1499992628 29580
1499992666 29961
1502652161 9900
1502652251 9771
1502653503 9922
1502654080 12226
1502657052 12227
1502657184 12228
1502657185 12228
1502657856 5727
1502658125 5727
1502658303 5729
1502660133 5706
1502660418 5708
1502661572 5708
1502664046 5752
1503020140 142
1503020188 490
1503020334 490
1503020351 490
1503020545 490
1503020711 491
1503020864 490
1503021007 490
1503021377 491
1503021977 496
1503022103 496
1503022446 496
1503022704 496
1503022934 496
1503023071 496
1503023231 496
1503023550 498
1503091998 499
1503092284 498
1503092394 496
1503092492 496
1503092649 498
1503093405 507
1503093709 507
1503093939 507
1503094288 507
1503094545 507
1503094823 508
1503094946 508
1503095061 508
1503095167 508
1503095353 500
1503096199 5781
1503249437 5255
1503348433 5288
1503613939 4965
1503618326 5073
1503628514 5108
1503628760 5107
1503706486 5200
1503709068 5243
1503973124 5288
1503973909 5362
1504054154 5434
1504055844 5439
1504055940 5436
1504056053 5436
1504145570 5428
1504316164 5675
1504747045 6025
1504832228 6208
1504833357 6163
1504833530 6163
1505265731 6629
1505265749 6619
1505348907 6646
1505352748 6623
1505354222 6625
1505442122 6561
1505442983 6620
1505443086 6785
1505443490 6620
1505443597 6633
1505443678 6840
1505525276 6911
1505608083 7098
1505869409 7057
1505955148 7062
1512706607 7934
1512708415 38454
1513651138 6987
1513818246 6377
1513818431 6383
1513820172 6554
1513820311 6530
1516207077 6522
1517446107 38271
1517593846 38610
