1548193736 0 0 1
1548451528 0 0 4
1548451548 0 0 4
1548451625 0 0 4
1548451694 0 0 25
1548451944 0 0 25
1548452169 0 0 25
1548452969 0 7 25
1548458676 0 19 25
1548795696 0 24 25
1548795959 0 24 25
1548796222 0 24 25
1549400001 57 24 25
1549400018 57 24 25
1549400487 57 24 25
1549400770 57 24 25
1549400853 57 24 25
1552421680 57 37 25
1552421741 57 70 25
1552680016 133 70 25
1552680046 133 70 25
1552680200 133 70 25
1552681839 133 42225 25
1553026403 155 42225 25
1553285388 168 42225 25
1554237531 168 42225 25
1554237651 200 42225 25
1554849641 200 42315 25
1554849745 200 42315 25
1554849839 200 42315 25
1554850223 200 42317 25
1555098993 200 42317 25
1555173304 200 42317 25
1555188845 206 42317 25
1555190163 206 42349 25
1555377416 206 42349 25
1555438504 206 42351 25
1555440463 206 42370 25
1555440485 206 42370 25
1555440595 213 42370 25
1555440724 213 42370 25
1555559053 213 42387 25
